# log Stellar Mass (Msun), log Stellar Metallicity - median, log Stellar Metallicity - 16 percentile, log Stellar Metallicity - 84 percentile
5.75 -4.015029772622027 -5.299569294454259 -3.6525614557164197
6.050000000000001 -3.784097551566557 -4.531876050025414 -3.45117623150893
6.35 -3.4613773554694953 -3.8630428037178213 -3.1934324892043082
6.65 -3.2557258467913557 -3.5336203702202726 -3.0205124651854973
6.949999999999999 -3.1078096371671613 -3.337579113599583 -2.904401455436421
7.25 -2.962197106441494 -3.1685827620544935 -2.7865281723053896
7.55 -2.825005606571372 -3.0158462816209415 -2.6690823200238123
7.85 -2.681129838456369 -2.8687553131764876 -2.5436173128948485
8.15 -2.5595724888162374 -2.7387633954815405 -2.432318109957512
8.45 -2.441130681109456 -2.608245568548094 -2.328001664158687
8.75 -2.35909274098701 -2.5079139891631574 -2.2637081961147647
9.05 -2.2597392140439196 -2.39351917334218 -2.168252038533372
9.35 -2.1350788657778748 -2.2625963845086203 -2.0485514021577416
9.65 -1.9934642479061835 -2.1176149644988493 -1.9297902242383258
9.95 -1.8754420302771755 -1.944697703336094 -1.7846450905931328
10.25 -1.7391094959452027 -1.7881117473531134 -1.6803271892530147
10.549999999999999 -1.6468740713595038 -1.6500484188344613 -1.6452631755207832
