# log Stellar Mass (Msun), log Stellar Metallicity - median, log Stellar Metallicity - 16 percentile, log Stellar Metallicity - 84 percentile
5.75 -4.037790120432437 -5.605122018402513 -3.658771563100072
6.050000000000001 -3.7831551014821634 -4.695903671361608 -3.446584589767663
6.35 -3.442374525122296 -3.8622688112988017 -3.175467587893944
6.65 -3.228021601669603 -3.5210411462939497 -2.9910210921197793
6.949999999999999 -3.0986764611469386 -3.3350328232963173 -2.891288460689325
7.25 -2.9695638497684653 -3.176943316099595 -2.7906813767205954
7.55 -2.8346488612321616 -3.027802500371297 -2.673966941050834
7.85 -2.709624484545251 -2.8927855827477886 -2.564455962477164
8.15 -2.5743255314594102 -2.7543735244193246 -2.449898557464375
8.45 -2.458723520919225 -2.641480385282355 -2.3440907884742943
8.75 -2.3560895069593877 -2.5028633638400084 -2.263757188186801
9.05 -2.24676054284022 -2.394068272334286 -2.1729255582556437
9.35 -2.1335213321533932 -2.239696287585699 -2.063134150468419
9.65 -1.9454117094562517 -2.0252578073819842 -1.8791694639511674
9.95 -1.8032411655024387 -1.864006991382623 -1.7763364931816632
10.25 -1.6896131417306877 -1.7303823816295987 -1.6640882938945012
