# log Stellar Mass (Msun), log Stellar Metallicity - median, log Stellar Metallicity - 16 percentile, log Stellar Metallicity - 84 percentile
5.75 -4.06704592243709 -6.212993484555977 -3.6670960023163675
6.050000000000001 -3.7956010782818774 -4.988308983462165 -3.4509266094752364
6.35 -3.432761944453168 -3.882210790870096 -3.165796806234712
6.65 -3.206357257211047 -3.5118154297994684 -2.968862456248773
6.949999999999999 -3.089870018293954 -3.3367552299724816 -2.8759413665735756
7.25 -2.9740154004250687 -3.179970285746733 -2.795835267530113
7.55 -2.8524136505408024 -3.0493298701171496 -2.698740255961657
7.85 -2.7410402922287784 -2.9306239820839766 -2.584125100396573
8.15 -2.5933241866195638 -2.7838457115147057 -2.457140450957865
8.45 -2.478448551073285 -2.6890957010116447 -2.3690648299671793
8.75 -2.393337620666366 -2.512318137169506 -2.265722522998948
9.05 -2.2291909590585326 -2.3889948263388785 -2.164044215495769
9.35 -2.0420778744657957 -2.1242766322284306 -1.9973252390140734
9.65 -1.9403535707645043 -1.9973283945389801 -1.9208511193352185
9.95 -1.8322612271286474 -1.8653817218021205 -1.8203365329947703
