# log Stellar Mass (Msun), log Stellar Metallicity - median, log Stellar Metallicity - 16 percentile, log Stellar Metallicity - 84 percentile
5.75 -4.078000508033305 -6.001279508987231 -3.6481114258603244
6.050000000000001 -3.817046851143952 -5.387093035488046 -3.457466153642045
6.35 -3.434966594027049 -3.9127974536829004 -3.162562590432499
6.65 -3.1937092963206912 -3.5043836455025326 -2.9583700805008677
6.949999999999999 -3.0910351134489433 -3.334271586122528 -2.870933018289726
7.25 -2.993820299570049 -3.2069232079153074 -2.8070809565692967
7.55 -2.8700742507053407 -3.0902776570592776 -2.703854221335009
7.85 -2.770465566608829 -2.967090065936439 -2.5987443605246914
8.15 -2.6236362553312103 -2.803734716692331 -2.484795461484731
8.45 -2.511769379186368 -2.7099650564663946 -2.3851215472663094
8.75 -2.342987924200687 -2.47041556339383 -2.27496558709119
9.05 -2.175090182902083 -2.3238390113479643 -2.118343728980294
9.35 -2.292749803651706 -2.408526305216089 -2.1769733020873234
