# 0 Magnitude [AB Mag] 
# 1 Phi [# Mpc^-3 Dex^-1] 
-25.5000 1.4368e-12 
-25.0000 1.1182e-10 
-24.5000 1.5834e-09 
-24.0000 1.6487e-08 
-23.5000 4.9529e-08 
-23.0000 1.5620e-07 
-22.5000 5.4342e-07 
-22.0000 1.3914e-06 
-21.5000 3.4024e-06 
-21.0000 7.3126e-06 
-20.5000 1.6766e-05 
-20.0000 3.3615e-05 
-19.5000 5.7851e-05 
-19.0000 1.2062e-04 
-18.5000 2.2416e-04 
-18.0000 3.9725e-04 
-17.5000 7.5400e-04 
-17.0000 1.2080e-03 
-16.5000 2.2146e-03 
-16.0000 3.0728e-03 
-15.5000 4.8522e-03 
-15.0000 8.1091e-03 
-14.5000 1.0514e-02 
-14.0000 1.9998e-02 
-13.5000 2.7436e-02 
-13.0000 3.8233e-02 
-12.5000 5.6361e-02 
-12.0000 8.2777e-02 
-11.5000 1.2641e-01 
-11.0000 1.8448e-01 
-10.5000 2.6303e-01 
-10.0000 3.5848e-01 
-9.5000 5.3518e-01 
-9.0000 4.2988e-01 
-8.5000 3.5476e-01 
-8.0000 2.5627e-01 
-7.5000 2.2636e-01 
-7.0000 1.8546e-01 
-6.5000 1.5517e-01 
-6.0000 1.3758e-01 
-5.5000 8.3668e-02 
