# 0 Magnitude [AB Mag] 
# 1 Phi [# Mpc^-3 Dex^-1] 
-27.0000 1.1840e-09 
-26.5000 0.0000e+00 
-26.0000 9.5401e-09 
-25.5000 2.4478e-08 
-25.0000 6.7554e-07 
-24.5000 1.3214e-05 
-24.0000 5.7835e-05 
-23.5000 1.1823e-04 
-23.0000 2.0996e-04 
-22.5000 3.3217e-04 
-22.0000 5.3431e-04 
-21.5000 7.9019e-04 
-21.0000 1.1368e-03 
-20.5000 1.6450e-03 
-20.0000 2.2244e-03 
-19.5000 2.8518e-03 
-19.0000 4.4764e-03 
-18.5000 6.6803e-03 
-18.0000 9.0985e-03 
-17.5000 1.1649e-02 
-17.0000 1.8377e-02 
-16.5000 2.3106e-02 
-16.0000 3.1689e-02 
-15.5000 4.6044e-02 
-15.0000 5.4927e-02 
-14.5000 7.5521e-02 
-14.0000 9.6898e-02 
-13.5000 1.3721e-01 
-13.0000 1.6919e-01 
-12.5000 2.1095e-01 
-12.0000 2.9704e-01 
-11.5000 3.9048e-01 
-11.0000 4.2839e-01 
-10.5000 5.9602e-01 
-10.0000 7.1261e-01 
-9.5000 8.4994e-01 
-9.0000 9.7692e-01 
-8.5000 7.4627e-01 
-8.0000 6.2824e-01 
-7.5000 5.3327e-01 
-7.0000 5.1284e-01 
-6.5000 4.7839e-01 
-6.0000 4.2214e-01 
-5.5000 3.5013e-01 
-5.0000 2.7798e-01 
-4.5000 2.0280e-01 
