# log Stellar Mass (Msun), log SFR - median (Msun/yr), log SFR - 16 percentile (Msun/yr), log SFR - 84 percentile (Msun/yr)
5.15 -2.4447489573755856 -2.7151999356766683 -2.1020781580465484
5.449999999999999 -2.4759394205004766 -2.8996014718028507 -2.133029972550893
5.75 -2.468723477442725 -2.879213003905843 -2.129960185548792
6.050000000000001 -2.3455076103174157 -2.7405593779998765 -2.008880753241346
6.35 -2.1268058697985803 -2.501570506040486 -1.7985685059642014
6.65 -1.804854308126882 -2.159065265574873 -1.4786729556928566
6.949999999999999 -1.3183971462930841 -1.614577064994835 -1.0541181349493767
7.25 -0.8539509403827434 -1.0660430967544512 -0.6670534133118106
7.55 -0.4692048918062042 -0.6541371785691964 -0.3056115267953778
7.85 -0.11030871321596111 -0.24577026793396306 0.035307428400481934
8.15 0.23108770232062686 0.1182226746625266 0.37416346367861886
8.45 0.5822026293161179 0.511470439740416 0.6685428458768117
8.75 0.7936472161849641 0.7601633771877654 0.917253357461848
