# log Stellar Mass (Msun), log SFR - median (Msun/yr), log SFR - 16 percentile (Msun/yr), log SFR - 84 percentile (Msun/yr)
5.15 -2.390883784732297 -2.689613841289939 -1.9957364972684006
5.449999999999999 -2.3221104645741786 -2.739858863446681 -1.9957203427107435
5.75 -2.341677389831597 -2.7468960260412745 -2.0167366076820636
6.050000000000001 -2.209210088511881 -2.5901329139682185 -1.8948866538590314
6.35 -1.9843749342166186 -2.304217406188549 -1.6921304624377482
6.65 -1.6907214513526958 -1.9960478199928726 -1.3983761779369415
6.949999999999999 -1.248185398178783 -1.5365293159307893 -0.9945066947234389
7.25 -0.7924413418239624 -0.9873947899761434 -0.5970941359893183
7.55 -0.3904793696341242 -0.5308284311976748 -0.22560244707075608
7.85 -0.0635738636306314 -0.16554465498240364 0.03489003429772597
8.15 0.33023352315961235 0.23153944936088983 0.4523555971952456
8.45 0.5670991598175779 0.5292953768867963 0.5944550730560463
