# log Stellar Mass (Msun), log SFR - median (Msun/yr), log SFR - 16 percentile (Msun/yr), log SFR - 84 percentile (Msun/yr)
5.15 -2.7443193217312585 -3.384224553241608 -2.237470797313213
5.449999999999999 -3.095197653040818 -3.6073910201728405 -2.613994078044868
5.75 -3.0491223052901613 -3.580191385937143 -2.5577291448565043
6.050000000000001 -2.880901574655631 -3.4518473802334606 -2.3688294734967803
6.35 -2.567143533563942 -3.1778579902159825 -2.074876656444111
6.65 -2.0701698298620244 -2.587722540045094 -1.6795303735056668
6.949999999999999 -1.5879131346430495 -1.9405743432422211 -1.300368003528396
7.25 -1.1798322366990561 -1.4367043858633415 -0.9559184053478307
7.55 -0.8176105242679592 -1.0236172889733983 -0.6267115574862108
7.85 -0.4903896460916485 -0.6628662210610563 -0.31779101645870045
8.15 -0.1733185650821661 -0.33337149284079837 -0.00951022656367901
8.45 0.12362340923662367 -0.02518388651482511 0.27908311861973323
8.75 0.4529548201464223 0.29741606458720377 0.6206032477638304
9.05 0.7989405676333078 0.634430858053709 0.968939244457776
9.35 1.1971579443806055 1.0284603885671988 1.3662223252351646
9.65 1.4722397028253464 1.3494243788288758 1.6341778587440103
9.95 1.8020711840264694 1.640189384983089 1.967050316493654
10.25 1.9475990513935542 1.7893569108284444 2.081933943406793
10.549999999999999 1.2371350368093252 1.092999394873389 1.4176620436284104
