# log Stellar Mass (Msun), log SFR - median (Msun/yr), log SFR - 16 percentile (Msun/yr), log SFR - 84 percentile (Msun/yr)
5.15 -2.7172907466930023 -3.4258947748881736 -2.3203730897913095
5.449999999999999 -2.951622139784995 -3.457369284813886 -2.5174635058181143
5.75 -2.9132380713276707 -3.4158867182698036 -2.476844188527221
6.050000000000001 -2.776696395464625 -3.3090330720076118 -2.313790493290475
6.35 -2.4951533317379515 -3.063654156439388 -2.0302981081933966
6.65 -2.001997451654562 -2.505676608437057 -1.6150595619175054
6.949999999999999 -1.4874606179237646 -1.8281735190147075 -1.2082543030433928
7.25 -1.0634103403415407 -1.3028313581571007 -0.8492019098776492
7.55 -0.7002847604925158 -0.8897290075083715 -0.5199875434189071
7.85 -0.3623323703615567 -0.5334997622032731 -0.19823547289408533
8.15 -0.04222581082880613 -0.1911234698268014 0.11215607307622327
8.45 0.24531772748926578 0.11772432535288961 0.395626869239102
8.75 0.5732700920311399 0.4167326912341723 0.7291999020015918
9.05 0.9479276763892972 0.7915678124511929 1.1019043684571286
9.35 1.300435205300456 1.1840161118588939 1.448110065462126
9.65 1.592346233324332 1.4452713013227507 1.7879557140592057
9.95 1.7934109141088745 1.6960682529433204 1.8629068770855228
10.25 2.1578548188574076 2.018161071467542 2.249876489864331
