# log Stellar Mass (Msun), log SFR - median (Msun/yr), log SFR - 16 percentile (Msun/yr), log SFR - 84 percentile (Msun/yr)
5.15 -2.6243160919141193 -3.135479672170789 -2.25615461289454
5.449999999999999 -2.793054611670374 -3.27214674344109 -2.3924361225658513
5.75 -2.755911764564617 -3.234104876135235 -2.3602596505529805
6.050000000000001 -2.635511701327157 -3.1245915682224843 -2.2247465651499145
6.35 -2.3958453014279137 -2.898262801266788 -1.9812010764822665
6.65 -1.9595100351853831 -2.4164280702246828 -1.580052634664721
6.949999999999999 -1.4330361754764032 -1.7698273137856144 -1.1545458023656088
7.25 -0.9954741024454453 -1.2257197746407864 -0.7847740828054519
7.55 -0.6221662838399795 -0.8093398362067439 -0.44262350328954314
7.85 -0.27491225502923355 -0.4155234582055194 -0.12333268227499442
8.15 0.050672526814878514 -0.09387960604177782 0.1880113253189789
8.45 0.35295518804493603 0.2163662704949103 0.4887603474227654
8.75 0.707855434702804 0.5531507524052446 0.8522398391424948
9.05 1.0678876513802542 0.9141280468955912 1.2157731718394666
9.35 1.3789119644235948 1.2070544744354232 1.5107040181968008
9.65 1.6282616766972782 1.5517229476002565 1.8441254753007301
9.95 2.0031440130161338 1.9270881289880006 2.035659851243846
