# log Stellar Mass (Msun), log SFR - median (Msun/yr), log SFR - 16 percentile (Msun/yr), log SFR - 84 percentile (Msun/yr)
5.15 -2.541498283824548 -2.864133782189028 -2.31595897505954
5.449999999999999 -2.62869211109386 -3.072428164818854 -2.2617546536766167
5.75 -2.5959444641522533 -3.0272650841068973 -2.2354222637429886
6.050000000000001 -2.4784343414431547 -2.9110502513748595 -2.113344363209425
6.35 -2.2568981954337812 -2.6849040167703264 -1.8931340172537574
6.65 -1.8854679920687554 -2.284269881956937 -1.5369478892744213
6.949999999999999 -1.3810467962659085 -1.6964140552398717 -1.100055835529873
7.25 -0.92759729237915 -1.1567473622904667 -0.7241815112948815
7.55 -0.5285349431726679 -0.7058157922864781 -0.3760277368138403
7.85 -0.18429053887477692 -0.3263152865169957 -0.04780882102333178
8.15 0.13799568563439513 0.011269021736421452 0.2753098105418321
8.45 0.4337567271902356 0.32852683226748913 0.5976717212912868
8.75 0.7628884296186333 0.536134636817024 0.9247653149320156
9.05 1.127138057130031 0.9534578804232765 1.2588875225366591
9.35 1.5480549910836394 1.4758836039797845 1.6202263781874944
