2207.08778
2207.09434
2207.09436
2207.10034
2207.11217
2207.11135
2207.12356
2207.12338
2207.11558
2207.11259
2207.12388
2207.12375
2207.11671
2207.11387
2207.11379
2207.13020
2207.12446
2207.12474
2207.13113
2207.13101
2207.13113
2207.13459
2207.13625
2207.13527
2207.13693
2207.13860
2207.14265
2207.14733
2208.00986
2208.01599
2208.01610
2208.01612
2208.01630
2208.01816
2208.02233
2208.01673
2208.02562
2208.02794
2208.02825
2208.03281
2208.04292
2208.04930
2207.09428
2208.05473
2208.06872
2208.06516
2208.06418
2208.09007
2208.11471
2208.13582
2208.14480
2209.03374
2209.03359
2209.05496
2209.07325
2209.06840
2209.06830
2210.01110
2210.01777 # WHL0137-08 candidates
2210.08163
2210.14123
2210.14713
2210.14915
2210.15639
2210.16968
2211.00045
2211.00038
2211.01382
2211.02607
2211.02495
2211.03620
