# M1500 (mag), Phi (cMpc^-3 mag^-1), dPhi (cMpc^-3 mag^-1)
-20.75 8.03688816856684e-06 3.0376582012664592e-06
-20.25 1.2629395693462179e-05 3.8079060767403987e-06
-19.75 1.607377633713368e-05 4.2958974260848875e-06
-19.25 5.625821717996789e-05 8.03688816856684e-06
-18.75 0.0001171089418848311 1.1595513106786365e-05
-18.25 0.00019632969668927568 1.501370714885166e-05
-17.75 0.0004133256772405804 2.1784175925197553e-05
-17.25 0.0009024277286419338 3.218853108819308e-05
-16.75 0.002355956360271308 5.200900718354229e-05
-16.25 0.009862409909712736 0.00010641098595065042
-15.75 0.036819280953967144 0.0002056044897627054
-15.25 0.05573122694148614 0.0002529555687766257
-14.75 0.05579092953930978 0.0002530910230184912
-14.25 0.06579455905541305 0.00027484632413366704
-13.75 0.08680298472804678 0.0003156910517210338
-13.25 0.10238077025249176 0.00034284998825621574
-12.75 0.10708923859239071 0.00035064516753794946
-12.25 0.08999592558473025 0.00032144477187294343
-11.75 0.04971619021075448 0.0002389152452502863
-11.25 0.016224180958574003 0.0001364823002604319
-10.75 0.002208996119474657 5.036077665493247e-05
-10.25 8.496138921056374e-05 9.876560880122639e-06
