# M1500 (mag), Phi (cMpc^-3 mag^-1), dPhi (cMpc^-3 mag^-1)
-20.25 4.592507524895338e-06 2.296253762447669e-06
-19.75 8.03688816856684e-06 3.0376582012664592e-06
-19.25 9.185015049790676e-06 3.2473932135037405e-06
-18.75 2.9851298911819693e-05 5.854321371440757e-06
-18.25 8.03688816856684e-05 9.605918669092187e-06
-17.75 0.0001504046214403223 1.3140912789297732e-05
-17.25 0.00038577063209120833 2.1045513362487176e-05
-16.75 0.0014466398703420313 4.0754461382649246e-05
-16.25 0.006965685788385003 8.942869282173177e-05
-15.75 0.02651484219498323 0.00017447751452685307
-15.25 0.04059087775878744 0.00021587838679991688
-14.75 0.03905468399170995 0.00021175394336017534
-14.25 0.043233865839364706 0.00022279578889512134
-13.75 0.05316745961571332 0.00024706879525990955
-13.25 0.05710783107207352 0.00025606060997786706
-12.75 0.05389422393152801 0.00024875169796100726
-12.25 0.03915686728413887 0.00021203078058016473
-11.75 0.01634014177357761 0.00013696917906322193
-11.25 0.0030184255707374607 5.886879934852649e-05
-10.75 0.00017221903218357515 1.4061625094857112e-05
