# M1500 (mag), Phi (cMpc^-3 mag^-1), dPhi (cMpc^-3 mag^-1)
-19.75 2.296253762447669e-06 1.6236966067518703e-06
-19.25 8.03688816856684e-06 3.0376582012664592e-06
-18.75 1.2629395693462179e-05 3.8079060767403987e-06
-18.25 2.0666283862029018e-05 4.87108982025561e-06
-17.75 5.511009029874405e-05 7.954456367261115e-06
-17.25 0.00018140404723336582 1.4431731115546239e-05
-16.75 0.0008932427135921431 3.202430281727398e-05
-16.25 0.004869206103270281 7.476942167346065e-05
-15.75 0.018514694086615553 0.00014579855273108607
-15.25 0.02828984635335528 0.00018022300925236837
-14.75 0.026139404704823038 0.00017323785152441743
-14.25 0.027395455512881913 0.00017735123032477503
-13.75 0.03115901542953364 0.00018914148991460282
-13.25 0.03135993763374781 0.000189750329092755
-12.75 0.027990185237355858 0.00017926595907043476
-12.25 0.01835740070388789 0.00014517790884818193
-11.75 0.005065535799959557 7.626190280694054e-05
-11.25 0.00042021443852792336 2.196496056796573e-05
-10.75 2.296253762447669e-06 1.6236966067518703e-06
