# M1500 (mag), Phi (cMpc^-3 mag^-1), dPhi (cMpc^-3 mag^-1)
-18.75 4.592507524895338e-06 3.2473932135037405e-06
-18.25 1.1481268812238344e-05 5.134579506422641e-06
-17.75 1.3777522574686012e-05 5.624650037942845e-06
-17.25 0.00011481268812238344 1.62369660675187e-05
-16.75 0.0005189533503131732 3.4520263370829704e-05
-16.25 0.002975944876132179 8.266513544811607e-05
-15.75 0.011352678601541275 0.00016145783026118087
-15.25 0.01751352744618837 0.0002005380345272202
-14.75 0.01583955845336402 0.00019071351733436964
-14.25 0.015566304255632747 0.00018906132527410742
-13.75 0.01679480001854225 0.0001963800466751493
-13.25 0.01660880346378399 0.00019528959891266062
-12.75 0.013823447649934966 0.00017816325007184155
-12.25 0.00637210419079228 0.00012096267284917
-11.75 0.0008197625931938178 4.3386437269441265e-05
-11.25 1.3777522574686012e-05 5.624650037942845e-06
