# M1500 (mag), Phi (cMpc^-3 mag^-1), dPhi (cMpc^-3 mag^-1)
-18.25 9.185015049790676e-06 4.592507524895338e-06
-17.75 1.1481268812238344e-05 5.134579506422641e-06
-17.25 5.281383653629638e-05 1.1012446179471966e-05
-16.75 0.00032836428803001666 2.745920122367684e-05
-16.25 0.0017084127992610656 6.26334520692974e-05
-15.75 0.00673720853902146 0.00012437982334817247
-15.25 0.01010581280853219 0.00015233355075026605
-14.75 0.008691320490864426 0.00014127093606890965
-14.25 0.007945038018068933 0.00013506969845890882
-13.75 0.008459398860857212 0.0001393733348323448
-13.25 0.00786926164390816 0.0001344240367549987
-12.75 0.004440954776573791 0.00010098296447702214
-12.25 0.0006406547997228996 3.8354999599711455e-05
-11.75 1.1481268812238344e-05 5.134579506422641e-06
