# M1500 (mag), Phi (cMpc^-3 mag^-1), dPhi (cMpc^-3 mag^-1)
-22.75 6.560725035564769e-07 4.639133162148201e-07
-22.25 4.264471273117099e-06 1.1827515259974539e-06
-21.75 3.6412023947384463e-05 3.456076367119143e-06
-21.25 9.513051301568913e-05 5.586256073561934e-06
-20.75 0.00018927691727604356 7.879701167644178e-06
-20.25 0.00038380241458053893 1.1220566184575426e-05
-19.75 0.000682643439950514 1.4964350815934837e-05
-19.25 0.001187819267689001 1.973949797646009e-05
-18.75 0.002179472856814616 2.6738476149584066e-05
-18.25 0.0035742829993756853 3.424170553447768e-05
-17.75 0.006257619538921675 4.530701997044316e-05
-17.25 0.010728425614407287 5.932379392816857e-05
-16.75 0.016099691201024162 7.267243188700272e-05
-16.25 0.025949963769421103 9.226336677523743e-05
-15.75 0.05048543522117444 0.00012868975460131674
-15.25 0.06522541615857781 0.00014627474504279818
-14.75 0.06488524256548377 0.00014589280916790624
-14.25 0.07743328526850494 0.00015937667540250503
-13.75 0.10754078049296345 0.00018782245485089908
-13.25 0.1557270096254242 0.00022601792968292983
-12.75 0.22050892077159784 0.000268951519522719
-12.25 0.3016345820901187 0.00031455854417824656
-11.75 0.37118942069966565 0.0003489463945451421
-11.25 0.39216438667461795 0.0003586699534190917
-10.75 0.342883828606225 0.00033537788527474195
-10.25 0.20628887729326298 0.00026013502280704715
-9.75 0.06506500643145825 0.00014609476661298494
-9.25 0.00840756913307625 5.251654467861291e-05
-8.75 0.00032409981675689953 1.0310988754282842e-05
-8.25 3.936435021338861e-06 1.1363509096087308e-06
-7.75 1.3121450071129537e-06 6.560725035564769e-07
