# M1500 (mag), Phi (cMpc^-3 mag^-1), dPhi (cMpc^-3 mag^-1)
-22.75 9.185015049790675e-07 6.494786427007481e-07
-22.25 6.429510534853472e-06 1.718358970433955e-06
-21.75 3.398455568422549e-05 3.950624352049055e-06
-21.25 6.199885158608706e-05 5.336011548375565e-06
-20.75 8.633914146803234e-05 6.296929068085027e-06
-20.25 0.0001602785126188473 8.579512079839322e-06
-19.75 0.0003628080944667317 1.2908132722944105e-05
-19.25 0.0007586822431127098 1.8666156300908855e-05
-18.75 0.0013024351340603178 2.445698909076928e-05
-18.25 0.002116686718224261 3.11783573673966e-05
-17.75 0.0034264698643244112 3.966873912255967e-05
-17.25 0.005804011009962728 5.162844587805178e-05
-16.75 0.009916142247754013 6.748330007545783e-05
-16.25 0.020324601302176806 9.661308628790644e-05
-15.75 0.050389451813904126 0.00015212295573998876
-15.25 0.07198709620198193 0.00018182444307709747
-14.75 0.07246150222930361 0.00018242258474577568
-14.25 0.08788222399639718 0.00020089792806497324
-13.75 0.12719592541251123 0.00024169158955019177
-13.25 0.18528241983813992 0.00029170377223091835
-12.75 0.258448871972515 0.00034451827082674247
-12.25 0.3213579585500363 0.0003841664799050076
-11.75 0.33004973829165324 0.00038932709983947357
-11.25 0.2683778732413387 0.00035107369630552716
-10.75 0.1650910012541851 0.0002753509879321937
-10.25 0.0574380323631135 0.000162414468518904
-9.75 0.007384292849279213 5.823437170292612e-05
-9.25 0.00029024647557338533 1.154538489243699e-05
-8.75 7.34801203983254e-06 1.837003009958135e-06
