# M1500 (mag), Phi (cMpc^-3 mag^-1), dPhi (cMpc^-3 mag^-1)
-22.75 1.1481268812238345e-06 8.118483033759351e-07
-22.25 4.01844408428342e-06 1.5188291006332296e-06
-21.75 1.1481268812238344e-05 2.5672897532113207e-06
-21.25 2.411066450570052e-05 3.7203563030416956e-06
-20.75 3.7314123639774616e-05 4.6282474220883535e-06
-20.25 7.34801203983254e-05 6.494786427007481e-06
-19.75 0.00016762652465867982 9.809600373276176e-06
-19.25 0.00033582711275797155 1.388474226626506e-05
-18.75 0.0006165441352171991 1.8813172182061283e-05
-18.25 0.0011423862468177151 2.560863485927964e-05
-17.75 0.0018243736142646728 3.236211046836063e-05
-17.25 0.0031102757212353675 4.225512491738828e-05
-16.75 0.005886446520034599 5.813083297415502e-05
-16.25 0.015429103093326499 9.411314471056093e-05
-15.75 0.04802442525127116 0.0001660393531460375
-15.25 0.07199616640434359 0.00020329871371198
-14.75 0.07276655954164479 0.0002043835158029349
-14.25 0.09025368006956501 0.00022762104056659987
-13.75 0.1309674074046434 0.00027419628097903197
-13.25 0.18170198615904343 0.0003229682141333407
-12.75 0.23094974060225856 0.0003641150954005647
-12.25 0.2513858250246022 0.000379883418478207
-11.75 0.21083800202386066 0.00034789996960844907
-11.25 0.13166546854842748 0.00027492604802872075
-10.75 0.05271624575139235 0.00017396111465551044
-10.25 0.009616136693690224 7.429853643090366e-05
-9.75 0.0005792300115774245 1.8234987615894256e-05
-9.25 7.462824727954923e-06 2.069815170495544e-06
