# M1500 (mag), Phi (cMpc^-3 mag^-1), dPhi (cMpc^-3 mag^-1)
-22.25 7.654179208158897e-07 7.654179208158897e-07
-21.75 3.827089604079448e-06 1.7115265021408805e-06
-21.25 8.419597128974786e-06 2.538604051160266e-06
-20.75 1.760461217876546e-05 3.670815393157322e-06
-20.25 2.7555045149372023e-05 4.592507524895337e-06
-19.75 6.199885158608706e-05 6.888761287343006e-06
-19.25 0.00014236773327175548 1.0438908678216233e-05
-18.75 0.0002548841676316912 1.3967566346272988e-05
-18.25 0.0004982870664511441 1.9529409882853186e-05
-17.75 0.0009468219680492554 2.692052195198061e-05
-17.25 0.0016624877240121122 3.567208848799424e-05
-16.75 0.0036288463625881325 5.270278965873165e-05
-16.25 0.012487027960190423 9.776397587280722e-05
-15.75 0.043714548293637086 0.00018292047087278528
-15.25 0.06677199774029495 0.00022607185512376333
-14.75 0.06749761392922841 0.000227296905640494
-14.25 0.08149710770095102 0.0002497585768877028
-13.75 0.11430751229464496 0.00029579218785188337
-13.25 0.14668315950931546 0.00033507300543363035
-12.75 0.168261821532957 0.00035887409155642625
-12.25 0.15992565495735114 0.0003498713510743272
-11.75 0.11036178291283905 0.0002906421965487459
-11.25 0.05023514356106765 0.00019608895720157245
-10.75 0.012235970882162812 9.67761922777954e-05
-10.25 0.0011848669414229972 3.0115085766895514e-05
-9.75 2.9851298911819693e-05 4.780033383433494e-06
