# 0 UV Luminosity 
# 1 LF box 6.0
# 2 LF box 7.5
-1.9000e+01 0.0000e+00 0.0000e+00 
-1.8500e+01 0.0000e+00 0.0000e+00 
-1.8000e+01 0.0000e+00 0.0000e+00 
-1.7500e+01 0.0000e+00 0.0000e+00 
-1.7000e+01 3.1759e-03 3.1759e-03 
-1.6500e+01 0.0000e+00 6.3519e-03 
-1.6000e+01 3.1759e-03 3.1759e-03 
-1.5500e+01 0.0000e+00 2.2231e-02 
-1.5000e+01 1.9056e-02 2.2231e-02 
-1.4500e+01 3.1759e-02 5.0815e-02 
-1.4000e+01 7.6222e-02 1.4609e-01 
-1.3500e+01 7.9398e-02 3.1442e-01 
-1.3000e+01 1.2069e-01 4.4463e-01 
-1.2500e+01 1.1433e-01 3.3665e-01 
-1.2000e+01 1.2386e-01 4.7004e-01 
-1.1500e+01 6.6694e-02 3.5253e-01 
-1.1000e+01 5.7167e-02 2.7631e-01 
-1.0500e+01 4.7639e-02 1.6197e-01 
-1.0000e+01 3.4935e-02 1.4609e-01 
-9.5000e+00 1.5880e-02 9.2102e-02 
-9.0000e+00 6.3519e-03 1.9056e-02 
