# 0 UV Luminosity 
# 1 LF box 6.0
# 2 LF box 7.5
-2.0000e+01 0.0000e+00 3.1759e-03 
-1.9500e+01 0.0000e+00 0.0000e+00 
-1.9000e+01 0.0000e+00 3.1759e-03 
-1.8500e+01 0.0000e+00 6.3519e-03 
-1.8000e+01 3.1759e-03 1.2704e-02 
-1.7500e+01 0.0000e+00 1.9056e-02 
-1.7000e+01 2.2231e-02 2.2231e-02 
-1.6500e+01 6.3519e-03 2.5407e-02 
-1.6000e+01 4.1287e-02 8.8926e-02 
-1.5500e+01 4.4463e-02 1.0798e-01 
-1.5000e+01 7.9398e-02 1.4609e-01 
-1.4500e+01 1.2704e-01 2.1914e-01 
-1.4000e+01 2.1279e-01 3.4935e-01 
-1.3500e+01 2.4455e-01 7.7493e-01 
-1.3000e+01 2.7948e-01 8.0669e-01 
-1.2500e+01 3.3347e-01 9.1467e-01 
-1.2000e+01 3.8429e-01 1.0639e+00 
-1.1500e+01 3.3030e-01 9.4643e-01 
-1.1000e+01 2.9536e-01 8.1621e-01 
-1.0500e+01 2.5090e-01 6.5106e-01 
-1.0000e+01 2.0326e-01 5.0815e-01 
-9.5000e+00 1.2386e-01 4.0969e-01 
-9.0000e+00 6.3519e-02 3.2394e-01 
-8.5000e+00 3.4935e-02 1.3656e-01 
-8.0000e+00 1.5880e-02 5.0815e-02 
