# 0 UV Luminosity 
# 1 LF box 10.0
-1.8000e+01 0.0000e+00 
-1.7500e+01 0.0000e+00 
-1.7000e+01 3.1759e-03 
-1.6500e+01 3.1759e-03 
-1.6000e+01 1.9056e-02 
-1.5500e+01 1.5880e-02 
-1.5000e+01 4.1287e-02 
-1.4500e+01 1.1116e-01 
-1.4000e+01 1.5562e-01 
-1.3500e+01 4.0334e-01 
-1.3000e+01 8.0669e-01 
-1.2500e+01 1.0226e+00 
-1.2000e+01 1.0989e+00 
-1.1500e+01 1.1306e+00 
-1.1000e+01 1.0671e+00 
-1.0500e+01 8.4480e-01 
-1.0000e+01 6.7647e-01 
-9.5000e+00 5.4944e-01 
-9.0000e+00 3.0806e-01 
-8.5000e+00 1.3339e-01 
-8.0000e+00 1.5880e-02 
