# 0 UV Luminosity 
# 1 LF box 6.0
# 2 LF box 7.5
-2.0000e+01 0.0000e+00 3.1759e-03 
-1.9500e+01 0.0000e+00 0.0000e+00 
-1.9000e+01 0.0000e+00 0.0000e+00 
-1.8500e+01 0.0000e+00 0.0000e+00 
-1.8000e+01 0.0000e+00 9.5278e-03 
-1.7500e+01 6.3519e-03 0.0000e+00 
-1.7000e+01 0.0000e+00 1.5880e-02 
-1.6500e+01 9.5278e-03 2.2231e-02 
-1.6000e+01 1.5880e-02 2.5407e-02 
-1.5500e+01 3.4935e-02 5.3991e-02 
-1.5000e+01 6.9870e-02 1.0163e-01 
-1.4500e+01 9.5278e-02 1.6515e-01 
-1.4000e+01 1.4609e-01 3.9064e-01 
-1.3500e+01 2.3502e-01 6.1613e-01 
-1.3000e+01 1.9373e-01 7.2729e-01 
-1.2500e+01 2.3819e-01 7.0188e-01 
-1.2000e+01 2.6995e-01 8.4797e-01 
-1.1500e+01 2.6043e-01 7.1141e-01 
-1.1000e+01 2.0008e-01 5.9707e-01 
-1.0500e+01 1.6515e-01 5.4308e-01 
-1.0000e+01 1.3021e-01 4.3510e-01 
-9.5000e+00 8.5750e-02 3.2712e-01 
-9.0000e+00 3.1759e-02 1.5244e-01 
-8.5000e+00 1.9056e-02 7.9398e-02 
-8.0000e+00 0.0000e+00 6.3519e-03 
