# 0 UV Luminosity 
# 1 LF box 6.0
# 2 LF box 7.5
-2.0000e+01 0.0000e+00 3.1759e-03 
-1.9500e+01 0.0000e+00 3.1759e-03 
-1.9000e+01 0.0000e+00 6.3519e-03 
-1.8500e+01 6.3519e-03 6.3519e-03 
-1.8000e+01 0.0000e+00 1.5880e-02 
-1.7500e+01 6.3519e-03 1.2704e-02 
-1.7000e+01 9.5278e-03 4.1287e-02 
-1.6500e+01 5.0815e-02 6.6694e-02 
-1.6000e+01 4.7639e-02 7.9398e-02 
-1.5500e+01 5.7167e-02 1.5244e-01 
-1.5000e+01 7.6222e-02 1.7150e-01 
-1.4500e+01 1.9691e-01 2.8901e-01 
-1.4000e+01 2.1914e-01 3.4618e-01 
-1.3500e+01 3.2394e-01 5.8119e-01 
-1.3000e+01 3.0489e-01 6.7330e-01 
-1.2500e+01 3.8111e-01 7.4634e-01 
-1.2000e+01 4.0969e-01 8.9561e-01 
-1.1500e+01 4.2240e-01 8.3527e-01 
-1.1000e+01 3.3982e-01 7.1458e-01 
-1.0500e+01 3.3347e-01 5.9072e-01 
-1.0000e+01 2.4455e-01 4.2240e-01 
-9.5000e+00 1.7468e-01 2.6360e-01 
-9.0000e+00 1.0798e-01 1.4927e-01 
-8.5000e+00 6.3519e-02 1.2069e-01 
-8.0000e+00 3.4935e-02 6.6694e-02 
-7.5000e+00 1.2704e-02 1.5880e-02 
-7.0000e+00 3.1759e-03 3.1759e-03 
