# 0 UV Luminosity 
# 1 LF box 6.0
# 2 LF box 7.5
-2.0000e+01 0.0000e+00 0.0000e+00 
-1.9500e+01 0.0000e+00 3.1759e-03 
-1.9000e+01 0.0000e+00 0.0000e+00 
-1.8500e+01 0.0000e+00 0.0000e+00 
-1.8000e+01 0.0000e+00 0.0000e+00 
-1.7500e+01 0.0000e+00 6.3519e-03 
-1.7000e+01 0.0000e+00 3.1759e-03 
-1.6500e+01 3.1759e-03 9.5278e-03 
-1.6000e+01 9.5278e-03 2.2231e-02 
-1.5500e+01 1.9056e-02 2.8583e-02 
-1.5000e+01 5.3991e-02 4.4463e-02 
-1.4500e+01 3.1759e-02 1.1433e-01 
-1.4000e+01 9.8454e-02 2.3184e-01 
-1.3500e+01 1.4292e-01 4.6686e-01 
-1.3000e+01 1.6832e-01 5.4626e-01 
-1.2500e+01 1.9373e-01 5.3991e-01 
-1.2000e+01 1.7468e-01 6.5424e-01 
-1.1500e+01 1.7468e-01 5.1132e-01 
-1.1000e+01 1.6197e-01 4.3193e-01 
-1.0500e+01 1.0163e-01 3.2394e-01 
-1.0000e+01 8.5750e-02 2.5725e-01 
-9.5000e+00 4.7639e-02 1.6515e-01 
-9.0000e+00 2.8583e-02 9.8454e-02 
-8.5000e+00 6.3519e-03 9.5278e-03 
-8.0000e+00 0.0000e+00 3.1759e-03 
