# 0 UV Luminosity 
# 1 LF box 10.0
-1.9000e+01 3.1759e-03 
-1.8500e+01 0.0000e+00 
-1.8000e+01 3.1759e-03 
-1.7500e+01 3.1759e-03 
-1.7000e+01 2.8583e-02 
-1.6500e+01 1.5880e-02 
-1.6000e+01 3.1759e-02 
-1.5500e+01 3.8111e-02 
-1.5000e+01 8.2574e-02 
-1.4500e+01 1.3021e-01 
-1.4000e+01 2.9536e-01 
-1.3500e+01 7.5905e-01 
-1.3000e+01 1.1370e+00 
-1.2500e+01 1.6356e+00 
-1.2000e+01 1.7563e+00 
-1.1500e+01 1.7626e+00 
-1.1000e+01 1.6483e+00 
-1.0500e+01 1.3180e+00 
-1.0000e+01 1.2037e+00 
-9.5000e+00 9.7501e-01 
-9.0000e+00 7.3364e-01 
-8.5000e+00 3.9699e-01 
-8.0000e+00 1.2069e-01 
