# log Stellar Mass (Msun), log sSFR - median (Gyr^-1), log sSFR - 16 percentile (Gyr^-1), log sSFR - 84 percentile (Gyr^-1)
5.15 1.405251042624414 1.134800064323331 1.7479218419534508
5.449999999999999 1.0740605794995242 0.6503985281971509 1.416970027449107
5.75 0.781276522557274 0.3707869960941572 1.120039814451208
6.050000000000001 0.6044923896825836 0.20944062200012326 0.9411192467586531
6.35 0.5231941302014196 0.1484294939595152 0.8514314940357988
6.65 0.5451456918731168 0.19093473442512732 0.8713270443071437
6.949999999999999 0.7316028537069172 0.4354229350051657 0.9958818650506238
7.25 0.8960490596172566 0.6839569032455479 1.0829465866881893
7.55 0.9807951081937958 0.7958628214308039 1.1443884732046223
7.85 1.0396912867840395 0.9042297320660371 1.185307428400482
8.15 1.0810877023206267 0.9682226746625258 1.224163463678618
8.45 1.1322026293161187 1.0614704397404164 1.2185428458768124
8.75 1.0436472161849641 1.0101633771877658 1.1672533574618482
