# log Stellar Mass (Msun), log sSFR - median (Gyr^-1), log sSFR - 16 percentile (Gyr^-1), log sSFR - 84 percentile (Gyr^-1)
5.15 1.4591162152677022 1.160386158710061 1.854263502731599
5.449999999999999 1.2278895354258221 0.8101411365533195 1.554279657289257
5.75 0.908322610168403 0.5031039739587264 1.2332633923179364
6.050000000000001 0.7407899114881182 0.3598670860317803 1.0551133461409679
6.35 0.6656250657833809 0.3457825938114514 0.957869537562253
6.65 0.6592785486473041 0.353952180007127 0.9516238220630591
6.949999999999999 0.8018146018212171 0.5134706840692118 1.0554933052765616
7.25 0.9575586581760369 0.7626052100238567 1.1529058640106822
7.55 1.059520630365876 0.9191715688023248 1.2243975529292443
7.85 1.0864261363693686 0.9844553450175972 1.1848900342977267
8.15 1.180233523159612 1.0815394493608892 1.3023555971952456
8.45 1.1170991598175783 1.0792953768867974 1.1444550730560472
