# log Stellar Mass (Msun), log sSFR - median (Gyr^-1), log sSFR - 16 percentile (Gyr^-1), log sSFR - 84 percentile (Gyr^-1)
5.15 1.1056806782687412 0.465775446758391 1.6125292026867868
5.449999999999999 0.4548023469591822 -0.05739102017284026 0.9360059219551324
5.75 0.2008776947098383 -0.3301913859371428 0.6922708551434962
6.050000000000001 0.06909842534436805 -0.5018473802334604 0.5811705265032181
6.35 0.08285646643605915 -0.5278579902159812 0.5751233435558891
6.65 0.2798301701379753 -0.23772254004509463 0.6704696264943326
6.949999999999999 0.46208686535695165 0.10942565675777871 0.7496319964716047
7.25 0.5701677633009439 0.3132956141366581 0.7940815946521695
7.55 0.6323894757320403 0.4263827110266014 0.823288442513789
7.85 0.6596103539083522 0.4871337789389436 0.8322089835412996
8.15 0.6766814349178336 0.5166285071592007 0.840489773436321
8.45 0.6736234092366242 0.5248161134851763 0.8290831186197334
8.75 0.702954820146422 0.5474160645872033 0.8706032477638299
9.05 0.7489405676333067 0.5844308580537074 0.9189392444577749
9.35 0.847157944380605 0.6784603885671991 1.016222325235165
9.65 0.8222397028253461 0.6994243788288763 0.98417785874401
9.95 0.852071184026471 0.6901893849830891 1.0170503164936546
10.25 0.6975990513935546 0.5393569108284453 0.831933943406792
10.549999999999999 -0.31286496319067325 -0.4570006051266091 -0.13233795637158785
