# log Stellar Mass (Msun), log sSFR - median (Gyr^-1), log sSFR - 16 percentile (Gyr^-1), log sSFR - 84 percentile (Gyr^-1)
5.15 1.132709253306997 0.4241052251118269 1.5296269102086901
5.449999999999999 0.598377860215006 0.09263071518611454 1.0325364941818869
5.75 0.33676192867232935 -0.16588671826980317 0.7731558114727797
6.050000000000001 0.17330360453537352 -0.3590330720076125 0.6362095067095233
6.35 0.1548466682620493 -0.41365415643938874 0.6197018918066028
6.65 0.34800254834543765 -0.15567660843705688 0.7349404380824947
6.949999999999999 0.5625393820762365 0.22182648098529256 0.8417456969566075
7.25 0.6865896596584591 0.44716864184290017 0.9007980901223505
7.55 0.7497152395074842 0.5602709924916294 0.9300124565810926
7.85 0.7876676296384435 0.6165002377967266 0.9517645271059152
8.15 0.8077741891711927 0.6588765301731989 0.9621560730762226
8.45 0.795317727489266 0.6677243253528911 0.9456268692391028
8.75 0.8232700920311391 0.6667326912341718 0.9791999020015911
9.05 0.8979276763892958 0.7415678124511924 1.0519043684571283
9.35 0.9504352053004563 0.8340161118588938 1.0981100654621265
9.65 0.9423462333243311 0.7952713013227495 1.1379557140592054
9.95 0.8434109141088761 0.7460682529433207 0.9129068770855238
10.25 0.9078548188574072 0.7681610714675422 0.9998764898643309
