# log Stellar Mass (Msun), log sSFR - median (Gyr^-1), log sSFR - 16 percentile (Gyr^-1), log sSFR - 84 percentile (Gyr^-1)
5.15 1.2256839080858803 0.7145203278292112 1.5938453871054596
5.449999999999999 0.7569453883296262 0.27785325655891135 1.15756387743415
5.75 0.4940882354353828 0.015895123864765992 0.8897403494470204
6.050000000000001 0.3144882986728419 -0.17459156822248545 0.7252534348500852
6.35 0.25415469857208706 -0.24826280126678668 0.6687989235177341
6.65 0.3904899648146163 -0.06642807022468311 0.7699473653352786
6.949999999999999 0.616963824523598 0.28017268621438696 0.8954541976343915
7.25 0.7545258975545543 0.5242802253592131 0.9652259171945481
7.55 0.8278337161600202 0.6406601637932567 1.0073764967104566
7.85 0.8750877449707666 0.7344765417944803 1.026667317725006
8.15 0.9006725268148781 0.7561203939582217 1.0380113253189789
8.45 0.9029551880449365 0.7663662704949115 1.038760347422766
8.75 0.9578554347028039 0.8031507524052444 1.102239839142495
9.05 1.0178876513802537 0.8641280468955905 1.165773171839466
9.35 1.0289119644235951 0.857054474435424 1.1607040181968014
9.65 0.9782616766972776 0.9017229476002555 1.19412547530073
9.95 1.0531440130161345 0.9770881289880009 1.0856598512438467
