# log Stellar Mass (Msun), log sSFR - median (Gyr^-1), log sSFR - 16 percentile (Gyr^-1), log sSFR - 84 percentile (Gyr^-1)
5.15 1.308501716175451 0.9858662178109725 1.5340410249404597
5.449999999999999 0.9213078889061403 0.47757183518114665 1.288245346323384
5.75 0.6540555358477462 0.22273491589310268 1.0145777362570119
6.050000000000001 0.4715656585568446 0.038949748625139335 0.8366556367905744
6.35 0.39310180456621957 -0.03490401677032651 0.756865982746243
6.65 0.4645320079312434 0.06573011804306361 0.8130521107255788
6.949999999999999 0.6689532037340928 0.3535859447601286 0.9499441644701285
7.25 0.8224027076208493 0.5932526377095328 1.0258184887051183
7.55 0.9214650568273317 0.7441842077135217 1.0739722631861603
7.85 0.9657094611252237 0.8236847134830043 1.1021911789766685
8.15 0.9879956856343952 0.8612690217364207 1.1253098105418315
8.45 0.9837567271902365 0.8785268322674895 1.147671721291287
8.75 1.0128884296186333 0.7861346368170246 1.1747653149320154
9.05 1.0771380571300302 0.9034578804232751 1.2088875225366582
9.35 1.19805499108364 1.1258836039797853 1.2702263781874947
