# log Stellar Mass (Msun/yr), Phi (cMpc^-3 mag^-1), dPhi (cMpc^-3 mag^-1)
-3.4299999999999997 0.020067617702533715 0.0002868559327706544
-3.29 0.034050162934581116 0.00037365906622043645
-3.15 0.053039361459394044 0.0004663533173712129
-3.01 0.08260362865090758 0.0005819899561625312
-2.87 0.1280284486158991 0.0007245513474294135
-2.73 0.19238096030849558 0.0008881717819001645
-2.59 0.26416349310386794 0.0010407641551670058
-2.45 0.31970003052992363 0.001144951962466245
-2.3099999999999996 0.33428534237461355 0.0011707781105795264
-2.17 0.3070542330238725 0.001122079095328137
-2.03 0.2400979335827877 0.0009922249379059561
-1.89 0.1606229506832143 0.0008115583057587606
-1.7499999999999998 0.09433092465197959 0.0006219320998872263
-1.6099999999999999 0.05245709711248758 0.0004637864475697232
-1.4699999999999998 0.027489437899016395 0.0003357367304132063
-1.3299999999999998 0.014905147190173695 0.0002472202615196496
-1.1899999999999997 0.009135809612023931 0.00019354833834497038
-1.0499999999999996 0.005925154797744425 0.00015587116358783002
-0.9099999999999997 0.003768316442302522 0.0001243052895720466
-0.7699999999999998 0.0025094773261035213 0.00010143960863350385
-0.6299999999999997 0.0016442817120384185 8.211151028362188e-05
-0.48999999999999977 0.0011030218966043292 6.725243198124963e-05
-0.34999999999999987 0.0007175793007648958 5.424389645118672e-05
-0.20999999999999974 0.0004592507524895333 4.339511716094938e-05
-0.06999999999999962 0.0003239357986310101 3.644562477165584e-05
0.0700000000000005 0.00022552492309753868 3.0409774426878764e-05
0.2100000000000004 0.00011891314126961168 2.2081615981756082e-05
0.3500000000000003 5.330589091396369e-05 1.478439407496816e-05
0.49000000000000044 4.920543776673571e-05 1.4204386370109123e-05
0.6300000000000003 3.69040783250519e-05 1.2301359441683967e-05
0.7700000000000005 2.4602718883367777e-05 1.0044017924897897e-05
0.9100000000000006 1.2301359441683967e-05 7.102193185054583e-06
