# log Stellar Mass (Msun/yr), Phi (cMpc^-3 mag^-1), dPhi (cMpc^-3 mag^-1)
-3.4299999999999997 0.007065080772673803 0.0001702058538644607
-3.29 0.011989725002494603 0.000221727999181152
-3.15 0.018894888102426573 0.0002783479897288926
-3.01 0.02936744544044676 0.0003470156107184889
-2.87 0.04640072781403178 0.0004361926299225095
-2.73 0.07294706148918592 0.000546914991442332
-2.59 0.10841188075956046 0.0006667367078970857
-2.45 0.1527664824531255 0.0007914618144710873
-2.3099999999999996 0.18874385836690374 0.000879735953602285
-2.17 0.1990646989384766 0.0009034685779064292
-2.03 0.18206832064321718 0.0008640385514501044
-1.89 0.1354871728907068 0.0007453581719473663
-1.7499999999999998 0.08587168980924828 0.0005933909678585583
-1.6099999999999999 0.0459824815930146 0.00043422230638859343
-1.4699999999999998 0.023261870704224346 0.000308843343686645
-1.3299999999999998 0.011378757483557633 0.00021600477294494625
-1.1899999999999997 0.005634022624291239 0.00015199357157896066
-1.0499999999999996 0.002804709952703936 0.00010724076534894033
-0.9099999999999997 0.001804199384780315 8.60118308463972e-05
-0.7699999999999998 0.0010907205371626417 6.687636697185892e-05
-0.6299999999999997 0.0006560725035564762 5.186708553618461e-05
-0.48999999999999977 0.00042644712731171086 4.181658122457693e-05
-0.34999999999999987 0.0002952326266004143 3.479349871611147e-05
-0.20999999999999974 0.0001353149538585232 2.3555309983445133e-05
-0.06999999999999962 0.0001230135944168393 2.2459106847298146e-05
0.0700000000000005 3.2803625177823814e-05 1.1597832905370492e-05
0.2100000000000004 1.6401812588911958e-05 8.200906294455979e-06
0.3500000000000003 2.8703172030595833e-05 1.0848779290237345e-05
0.49000000000000044 2.4602718883367855e-05 1.0044017924897929e-05
0.6300000000000003 1.2301359441683967e-05 7.102193185054583e-06
