# log Stellar Mass (Msun/yr), Phi (cMpc^-3 mag^-1), dPhi (cMpc^-3 mag^-1)
-3.4299999999999997 0.003489485628291008 0.00011961802676324607
-3.29 0.00648281642576743 0.0001630413598322195
-3.15 0.009107106439993363 0.00019324405104429755
-3.01 0.014433595078242475 0.00024327819541503012
-2.87 0.02214244699503107 0.00030132053774693785
-2.73 0.03284052925614896 0.00036696192111036383
-2.59 0.04939815906465543 0.00045006092565777635
-2.45 0.07080252449318547 0.0005388157703610467
-2.3099999999999996 0.09381016710228164 0.0006202130238365953
-2.17 0.11293878103410014 0.0006805146435862841
-2.03 0.117551790824732 0.0006942734408354956
-1.89 0.09836577054885191 0.0006350938776484503
-1.7499999999999998 0.06801011589992322 0.0005280836049198835
-1.6099999999999999 0.0391388252902911 0.00040060818681147834
-1.4699999999999998 0.01888668719613209 0.00027828757779335076
-1.3299999999999998 0.008475636655320227 0.00018642411592406337
-1.1899999999999997 0.0038995309430138055 0.00012645095463456905
-1.0499999999999996 0.0017467930407191181 8.463239935965796e-05
-0.9099999999999997 0.001057916911984821 6.586303007950573e-05
-0.7699999999999998 0.0005658625343174608 4.8169417784943494e-05
-0.6299999999999997 0.000340337611219922 3.735690604221368e-05
-0.48999999999999977 0.00017631948533080354 2.68884694347282e-05
-0.34999999999999987 0.0001025113286806994 2.050226573613988e-05
-0.20999999999999974 3.2803625177823814e-05 1.1597832905370492e-05
-0.06999999999999962 2.4602718883367855e-05 1.0044017924897929e-05
0.0700000000000005 2.050226573613988e-05 9.168891975754708e-06
0.2100000000000004 3.2803625177823916e-05 1.1597832905370529e-05
0.3500000000000003 8.200906294455953e-06 5.798916452685246e-06
