# log Stellar Mass (Msun/yr), Phi (cMpc^-3 mag^-1), dPhi (cMpc^-3 mag^-1)
-3.4299999999999997 0.0020912311050862676 0.0001309579716277862
-3.29 0.0031491480170710855 0.00016070428679836686
-3.15 0.0048221329011401155 0.00019886140918152833
-3.01 0.007610441041255123 0.00024982496640411076
-2.87 0.011579679687771805 0.00030816208079390874
-2.73 0.016328004432261855 0.0003659295483073775
-2.59 0.02429108444417853 0.0004463282506378291
-2.45 0.03273801792746816 0.0005181519249113965
-2.3099999999999996 0.042431489167515095 0.0005898954709073584
-2.17 0.05314187278807457 0.000660160222254339
-2.03 0.05994042410617874 0.0007011175374676647
-1.89 0.05656165071286271 0.0006810703321654341
-1.7499999999999998 0.04599888340560344 0.0006141925858059171
-1.6099999999999999 0.028129108589983964 0.0004802959334546097
-1.4699999999999998 0.014827238580376387 0.00034870731882656126
-1.3299999999999998 0.0066837386299816014 0.00023412115282715168
-1.1899999999999997 0.002771906327526112 0.00015077182776981638
-1.0499999999999996 0.0013367477259963202 0.00010470216253842565
-0.9099999999999997 0.0006806752224398462 7.471381208442759e-05
-0.7699999999999998 0.0001886208447724869 3.9330164926685554e-05
-0.6299999999999997 0.00019682175106694284 4.0176071699591715e-05
-0.48999999999999977 4.9205437766735867e-05 2.008803584979592e-05
-0.34999999999999987 8.200906294455953e-06 8.200906294455953e-06
-0.20999999999999974 1.6401812588911907e-05 1.1597832905370492e-05
-0.06999999999999962 4.920543776673571e-05 2.0088035849795857e-05
