# log Stellar Mass (Msun/yr), Phi (cMpc^-3 mag^-1), dPhi (cMpc^-3 mag^-1)
-3.4299999999999997 0.0011071223497515536 9.528592050670644e-05
-3.29 0.0017959984784858536 0.00012136233034614961
-3.15 0.002730901796053841 0.00014965249656721092
-3.01 0.004075850428344609 0.0001828268783113476
-2.87 0.0059784606886583895 0.00022142446995031072
-2.73 0.008209107200750436 0.0002594650629940342
-2.59 0.011653487844421908 0.00030914262374458424
-2.45 0.014753430423726259 0.0003478383251264222
-2.3099999999999996 0.019255727979382575 0.00039738447477279506
-2.17 0.02251148777828159 0.00042966801349236805
-2.03 0.02467652704001804 0.0004498554055780558
-1.89 0.02598867204713091 0.0004616607674211307
-1.7499999999999998 0.02283132312376537 0.00043270953481110765
-1.6099999999999999 0.01599996818048359 0.0003622350614758641
-1.4699999999999998 0.009873891178524982 0.0002845608130378088
-1.3299999999999998 0.0047237220256066284 0.00019682175106694284
-1.1899999999999997 0.001935413885491605 0.0001259847130246585
-1.0499999999999996 0.0009185015049790667 8.679023432189876e-05
-0.9099999999999997 0.00042644712731171086 5.913757629987283e-05
-0.7699999999999998 9.841087553347142e-05 2.8408772740218245e-05
-0.6299999999999997 7.380815665010357e-05 2.4602718883367855e-05
-0.48999999999999977 4.100453147227989e-05 1.8337783951509477e-05
-0.34999999999999987 8.200906294455953e-06 8.200906294455953e-06
-0.20999999999999974 1.6401812588911907e-05 1.1597832905370492e-05
