# log Stellar Mass (Msun/yr), Phi (cMpc^-3 mag^-1), dPhi (cMpc^-3 mag^-1)
-3.4299999999999997 0.31707984096884495 0.0006094894893792547
-3.29 0.45163445365806787 0.0007274035855402443
-3.15 0.48752864895086107 0.0007557566469542519
-3.01 0.5286315912986728 0.0007869705153788484
-2.87 0.543923938421749 0.0007982721743426498
-2.73 0.5286995416651142 0.0007870210923945546
-2.59 0.48994088695947163 0.0007576240401768509
-2.45 0.4328496920115955 0.0007121155367506049
-2.3099999999999996 0.3641424990766435 0.0006531570050538676
-2.17 0.2901492362558936 0.0005830323071105488
-2.03 0.2248102726918797 0.0005132039389083336
-1.89 0.17263727840459225 0.00044972724164224015
-1.7499999999999998 0.1326801198219187 0.00039426191979385314
-1.6099999999999999 0.10224772812123492 0.00034610568929638026
-1.4699999999999998 0.07940117474292266 0.00030499686034366055
-1.3299999999999998 0.06175048128116919 0.0002689689070252292
-1.1899999999999997 0.0490109591317529 0.00023962300248542675
-1.0499999999999996 0.03874576756717818 0.00021305613248464385
-0.9099999999999997 0.030473396232156353 0.00018894801513860975
-0.7699999999999998 0.024023969210587682 0.0001677661298683057
-0.6299999999999997 0.01921238033182617 0.00015002805965873514
-0.48999999999999977 0.014737028611137393 0.0001313974291435037
-0.34999999999999987 0.011211810462563353 0.00011460927847921445
-0.20999999999999974 0.00844224725112137 9.945140853780568e-05
-0.06999999999999962 0.006556038803396501 8.764005924353463e-05
0.0700000000000005 0.004768241231205104 7.474136311925885e-05
0.2100000000000004 0.003369400928979342 6.282872555835827e-05
0.3500000000000003 0.0022950822044056013 5.185385244870398e-05
0.49000000000000044 0.0016085491917554318 4.341092882740993e-05
0.6300000000000003 0.001124695720382534 3.6299398288269233e-05
0.7700000000000005 0.0007380815665010334 2.9405873476812697e-05
0.9100000000000006 0.00048619658745703304 2.3866451811275047e-05
1.0500000000000003 0.00033155092590443457 1.970865681870491e-05
1.1900000000000004 0.00025422809512813373 1.7258127632111903e-05
1.3300000000000005 0.0002589143272963959 1.741646239481423e-05
1.4700000000000006 0.00018627772868835604 1.4772784812027498e-05
1.6100000000000008 0.0001441016391740122 1.2993207234900971e-05
1.7500000000000004 0.0001030971077017323 1.0990188608100426e-05
1.8900000000000006 0.00010778333986999217 1.1237189979052981e-05
2.0300000000000007 7.497971469216895e-05 9.372464336521118e-06
2.1700000000000004 1.6401812588911958e-05 4.383568802127446e-06
2.3100000000000005 2.3431160841302647e-06 1.6568332721957791e-06
2.4500000000000006 2.3431160841302796e-06 1.65683327219579e-06
