# log Stellar Mass (Msun/yr), Phi (cMpc^-3 mag^-1), dPhi (cMpc^-3 mag^-1)
-3.4299999999999997 0.2505704909208072 0.0006410780164999211
-3.29 0.39536569245572145 0.0008052772188348635
-3.15 0.4654194742042246 0.0008737117940790107
-3.01 0.5536677866576047 0.0009529509574619091
-2.87 0.6138788406715003 0.00100343040102403
-2.73 0.6258800469428092 0.0010131913557218783
-2.59 0.5879951402249385 0.0009820481705680438
-2.45 0.5126993391730206 0.0009170168196698938
-2.3099999999999996 0.41654207268926563 0.0008265618556191819
-2.17 0.31707984096884495 0.0007211576892256635
-2.03 0.22793598954810945 0.0006114379267625035
-1.89 0.1589253630802619 0.0005105549941844888
-1.7499999999999998 0.11408936818721231 0.0004325820656700905
-1.6099999999999999 0.08186800735629501 0.0003664401334032087
-1.4699999999999998 0.06065882349757299 0.00031542267750925577
-1.3299999999999998 0.0459513181490956 0.00027453322358048625
-1.1899999999999997 0.03501786987732692 0.00023965736771291215
-1.0499999999999996 0.026588978387885088 0.00020883185591492507
-0.9099999999999997 0.02087458688190825 0.00018503541874679538
-0.7699999999999998 0.015822828604523314 0.00016109719718165985
-0.6299999999999997 0.011914276664585607 0.00013979117747017498
-0.48999999999999977 0.00877825009758568 0.00011999133842040368
-0.34999999999999987 0.006472155247584638 0.00010303158613610972
-0.20999999999999974 0.005043557371090411 9.095245064430652e-05
-0.06999999999999962 0.0035657540568294482 7.647537497670015e-05
0.0700000000000005 0.002588206026530299 6.515463927353316e-05
0.2100000000000004 0.0020092220421417148 5.740634406119185e-05
0.3500000000000003 0.0011825706876605483 4.404123385209478e-05
0.49000000000000044 0.0007036377600643207 3.39719511819041e-05
0.6300000000000003 0.0004346480336061669 2.6700216458574743e-05
0.7700000000000005 0.00028375135778817506 2.157321624675125e-05
0.9100000000000006 0.0001886208447724875 1.7588984468469444e-05
1.0500000000000003 0.000142695769523534 1.5298592317450582e-05
1.1900000000000004 8.856978798012401e-05 1.2052821509877474e-05
1.3300000000000005 8.200906294455978e-05 1.1597832905370527e-05
1.4700000000000006 8.364924420345044e-05 1.171323707020871e-05
1.6100000000000008 4.9205437766735867e-05 8.983642738919286e-06
1.7500000000000004 5.2485800284518263e-05 9.278266324296423e-06
1.8900000000000006 2.9523262660041336e-05 6.958699743222272e-06
2.0300000000000007 6.560725035564783e-06 3.2803625177823915e-06
2.1700000000000004 6.560725035564783e-06 3.2803625177823915e-06
2.3100000000000005 3.2803625177823707e-06 2.319566581074091e-06
