# log Stellar Mass (Msun/yr), Phi (cMpc^-3 mag^-1), dPhi (cMpc^-3 mag^-1)
-3.4299999999999997 0.13194643159807543 0.0005201154490648347
-3.29 0.22232656964270087 0.0006751443113156671
-3.15 0.28821880149208173 0.0007687092075903883
-3.01 0.38736365813890605 0.0008911696053887328
-2.87 0.4839088274903887 0.0009960535815543169
-2.73 0.5563166793907157 0.0010679771717745385
-2.59 0.5741741528468918 0.0010849825372092389
-2.45 0.534077871746723 0.001046413228621626
-2.3099999999999996 0.45087147648317294 0.0009614513416550915
-2.17 0.3426892210998573 0.0008382067451351169
-2.03 0.23839829575326169 0.000699121249181875
-1.89 0.152901797406984 0.0005598958190566714
-1.7499999999999998 0.09875121314469135 0.0004499581773519236
-1.6099999999999999 0.06436891350518488 0.0003632779335205905
-1.4699999999999998 0.0429194430920353 0.00029663880857366625
-1.3299999999999998 0.030312599890882815 0.00024929439988017466
-1.1899999999999997 0.021998931134878094 0.00021237418205570844
-1.0499999999999996 0.016475620745562008 0.0001837899765203128
-0.9099999999999997 0.011811355290590223 0.0001556147630758866
-0.7699999999999998 0.008867229930880498 0.00013483260154219573
-0.6299999999999997 0.0061752824397253315 0.00011251990116195755
-0.48999999999999977 0.004463343250757666 9.566015335480097e-05
-0.34999999999999987 0.0035899467303980937 8.579163236890195e-05
-0.20999999999999974 0.0025238289121188194 7.193344912404303e-05
-0.06999999999999962 0.0016770853372162422 5.8637913712709086e-05
0.0700000000000005 0.0011460766546502194 4.8473877632829225e-05
0.2100000000000004 0.0007524331525163361 3.927669085039043e-05
0.3500000000000003 0.000516657096550725 3.2546337870712036e-05
0.49000000000000044 0.0002931824000268003 2.4517143949711444e-05
0.6300000000000003 0.00017016880560996155 1.8678453021106898e-05
0.7700000000000005 0.00012301359441683888 1.5880986751117692e-05
0.9100000000000006 7.585838322371779e-05 1.2471041380600911e-05
1.0500000000000003 4.305475804589388e-05 9.395318465396082e-06
1.1900000000000004 4.1004531472279634e-05 9.168891975754679e-06
1.3300000000000005 2.4602718883367933e-05 7.102193185054583e-06
1.4700000000000006 1.6401812588911853e-05 5.798916452685227e-06
1.6100000000000008 1.845203916252595e-05 6.150679720841983e-06
1.7500000000000004 4.1004531472279894e-06 2.8994582263426323e-06
1.8900000000000006 6.150679720841944e-06 3.5510965925272692e-06
2.0300000000000007 6.150679720841983e-06 3.5510965925272917e-06
