# log Stellar Mass (Msun/yr), Phi (cMpc^-3 mag^-1), dPhi (cMpc^-3 mag^-1)
-3.4299999999999997 0.050017327489886854 0.0003697690341477491
-3.29 0.09084963992998303 0.0004983470624477332
-3.15 0.12985041663098448 0.0005957883010731166
-3.01 0.19603173042724362 0.0007320377613151465
-2.87 0.2805940088648104 0.0008758091826964084
-2.73 0.3727147892704353 0.0010093890993012797
-2.59 0.4443797757422532 0.0011021670925973625
-2.45 0.46814600218358654 0.0011312561596195864
-2.3099999999999996 0.43316640320230043 0.0010881723335588271
-2.17 0.3566601483813208 0.000987410157236591
-2.03 0.2546162713594063 0.0008342829620822633
-1.89 0.1620553756493126 0.0006655826896318923
-1.7499999999999998 0.0964071207621927 0.0005133633422470032
-1.6099999999999999 0.056411300764131096 0.0003926931760356982
-1.4699999999999998 0.0335034358482841 0.0003026320857268193
-1.3299999999999998 0.020477663017256512 0.0002365976863327047
-1.1899999999999997 0.014015348857225223 0.00019573669615260733
-1.0499999999999996 0.009827419376189717 0.00016390418483619491
-0.9099999999999997 0.006604463202468548 0.0001343658982636929
-0.7699999999999998 0.004718254754743658 0.0001135693108737626
-0.6299999999999997 0.003326834320117631 9.536431288566455e-05
-0.48999999999999977 0.002463005523768279 8.205461088639103e-05
-0.34999999999999987 0.0016511158006171317 6.718294913184623e-05
-0.20999999999999974 0.001057916911984818 5.377693886945623e-05
-0.06999999999999962 0.0007654179208158888 4.57424698528199e-05
0.0700000000000005 0.0004893207422358718 3.65735494358515e-05
0.2100000000000004 0.00031983534548378316 2.9568788149936413e-05
0.3500000000000003 0.00021322356365585475 2.4142814426599267e-05
0.49000000000000044 0.00011754632355386866 1.7925646289818743e-05
0.6300000000000003 5.740634406119184e-05 1.2527091287194775e-05
0.7700000000000005 4.100453147227963e-05 1.0587324500745128e-05
0.9100000000000006 2.4602718883367933e-05 8.200906294455977e-06
1.0500000000000003 1.9135448020397283e-05 7.232519526824919e-06
1.1900000000000004 1.9135448020397164e-05 7.232519526824874e-06
1.3300000000000005 5.467270862970653e-06 3.865944301790176e-06
1.4700000000000006 2.7336354314853086e-06 2.7336354314853086e-06
1.6100000000000008 5.467270862970653e-06 3.865944301790176e-06
