# log Stellar Mass (Msun), Phi (cMpc^-3 mag^-1), dPhi (cMpc^-3 mag^-1)
5.0600000000000005 1.9135448020397225e-05 9.567724010198613e-06
5.18 2.8703172030595833e-05 1.1718020912380916e-05
5.300000000000001 9.08933780968868e-05 2.0852371040071734e-05
5.42 0.01620294061127135 0.0002784109048890534
5.54 0.11349712607098188 0.0007368545237012121
5.66 0.3616264805514718 0.001315283688163116
5.779999999999999 0.6139943367684806 0.0017138448526669158
5.9 0.5441212483220002 0.0016133818413552386
6.02 0.3069038830751408 0.00121168718135524
6.140000000000001 0.3138356991205297 0.001225294526579826
6.26 0.21305886212110775 0.001009576245437094
6.38 0.14847194119026313 0.0008427747494339419
6.5 0.09021885355416713 0.0006569585570349133
6.62 0.052239773095684804 0.0004999078571771576
6.74 0.02860271092848875 0.0003699073154908348
6.859999999999999 0.01626034695533254 0.00027890366793813866
6.98 0.009476830632101725 0.00021292216885442596
7.1 0.0055923346839610874 0.00016356331316771646
7.22 0.0036835737439264928 0.00013274678330020458
7.34 0.002181441074325267 0.00010215533795072864
7.46 0.0014542940495501997 8.340948416028755e-05
7.58 0.0008754467469331729 6.471488569209865e-05
7.699999999999999 0.0005644957166017181 5.1966042861586686e-05
7.82 0.0004161959944436396 4.462089425923073e-05
7.9399999999999995 0.00023440923824986597 3.348703403569514e-05
8.06 0.00017700289418867297 2.909909655473515e-05
8.18 9.567724010198682e-05 2.1394081276761145e-05
8.3 2.3919310025496705e-05 1.0697040638380572e-05
8.42 3.348703403569489e-05 1.2656909171943476e-05
8.54 2.8703172030596046e-05 1.1718020912381002e-05
8.66 2.3919310025496705e-05 1.0697040638380572e-05
8.78 1.9135448020397083e-05 9.567724010198542e-06
