# log Stellar Mass (Msun), Phi (cMpc^-3 mag^-1), dPhi (cMpc^-3 mag^-1)
5.0600000000000005 9.567724010198613e-06 6.765402528132787e-06
5.18 1.9135448020397225e-05 9.567724010198613e-06
5.300000000000001 4.783862005099306e-05 1.5127899948053844e-05
5.42 0.007424553831914122 0.000188462306526553
5.54 0.05706190599682494 0.0005224713236501703
5.66 0.19588479752280125 0.0009680319417487729
5.779999999999999 0.35416843968552203 0.001301650084322539
5.9 0.32886659354055175 0.0012542935866794035
6.02 0.17518981048874166 0.0009154692119769179
6.140000000000001 0.17271655383210532 0.0009089841360161889
6.26 0.11666404271835676 0.0007470640409774984
6.38 0.07825919854142012 0.0006118669842799377
6.5 0.04817827425335475 0.0004800814677446696
6.62 0.026072047927791407 0.0003531643802493257
6.74 0.012825534035671238 0.00024770059541380924
6.859999999999999 0.006922248321378695 0.00018197549487363948
6.98 0.0036357351238754726 0.00013188197420312183
7.1 0.0018752739059989278 9.471563539385902e-05
7.22 0.0013346974994227162 7.990624916606605e-05
7.34 0.0006936599907393942 5.7605326786293814e-05
7.46 0.0003970605464232453 4.3583057049249615e-05
7.58 0.0002439769622600646 3.416360812144218e-05
7.699999999999999 0.00019613834220907152 3.063166275338547e-05
7.82 9.08933780968868e-05 2.0852371040071734e-05
7.9399999999999995 1.4351586015297916e-05 8.285892049230322e-06
8.06 2.391931002549635e-05 1.0697040638380415e-05
8.18 3.348703403569539e-05 1.2656909171943662e-05
8.3 2.3919310025496705e-05 1.0697040638380572e-05
8.42 9.567724010198542e-06 6.765402528132736e-06
