# log Stellar Mass (Msun), Phi (cMpc^-3 mag^-1), dPhi (cMpc^-3 mag^-1)
5.0600000000000005 9.567724010198613e-06 6.765402528132787e-06
5.18 4.783862005099306e-06 4.783862005099306e-06
5.300000000000001 4.783862005099306e-05 1.5127899948053844e-05
5.42 0.003659654433900969 0.00013231508530070203
5.54 0.030745881106773464 0.00038351538748790154
5.66 0.11077510859007952 0.0007279648570465686
5.779999999999999 0.21467580747883133 0.0010133999402072188
5.9 0.2052898702248265 0.000990998693339358
6.02 0.10374283144258353 0.0007044795168346606
6.140000000000001 0.09513666369540989 0.000674626319338626
6.26 0.06383107073404003 0.0005525930093924283
6.38 0.04300213556383797 0.0004535595688131556
6.5 0.024421615536031775 0.00034180350885554766
6.62 0.012524150729350075 0.00024477297403977227
6.74 0.005841095508226253 0.0001671615831163362
6.859999999999999 0.002908588099100378 0.00011795882373002161
6.98 0.0013968877054889972 8.17466697773014e-05
7.1 0.0008706628849280735 6.453782684951176e-05
7.22 0.00038749282241304665 4.3054758045894066e-05
7.34 0.00015786744616827592 2.7481194980685785e-05
7.46 0.0001626513081733776 2.789446922331244e-05
7.58 4.305475804589375e-05 1.4351586015297916e-05
7.699999999999999 2.8703172030595833e-05 1.1718020912380916e-05
7.82 2.391931002549653e-05 1.0697040638380493e-05
7.9399999999999995 3.348703403569514e-05 1.2656909171943569e-05
8.06 9.567724010198542e-06 6.765402528132736e-06
8.18 4.783862005099341e-06 4.783862005099341e-06
