# log Stellar Mass (Msun), Phi (cMpc^-3 mag^-1), dPhi (cMpc^-3 mag^-1)
5.300000000000001 9.567724010198613e-06 9.567724010198613e-06
5.42 0.0017891643899071402 0.00013083665805693333
5.54 0.015222248900226103 0.0003816310735408135
5.66 0.059339024311251785 0.0007534848423455662
5.779999999999999 0.12117522458916542 0.0010767409650157122
5.9 0.12054375480449231 0.001073931737645571
6.02 0.05635389442006982 0.00073428775606781
6.140000000000001 0.04835527714754378 0.0006801837591301065
6.26 0.03201360453812455 0.0005534413544291911
6.38 0.019221557536489152 0.0004288432785473997
6.5 0.010122652002790056 0.0003112085162941059
6.62 0.004860403797180931 0.00021564554739096476
6.74 0.0021048992822436945 0.00014191228065876758
6.859999999999999 0.0011289914332034362 0.00010393208572317337
6.98 0.00041141213243854033 6.27397620143656e-05
7.1 0.00020092220421417083 4.384481950518158e-05
7.22 0.00011481268812238419 3.314356819692153e-05
7.34 5.740634406119124e-05 2.343604182476166e-05
7.46 1.9135448020397364e-05 1.3530805056265674e-05
7.58 1.9135448020397225e-05 1.3530805056265574e-05
7.699999999999999 3.827089604079445e-05 1.9135448020397225e-05
