# log Stellar Mass (Msun), Phi (cMpc^-3 mag^-1), dPhi (cMpc^-3 mag^-1)
5.42 0.0005262248205609236 7.095614032938379e-05
5.54 0.006869625839322653 0.00025637215933866264
5.66 0.027794238249626964 0.000515681685389482
5.779999999999999 0.06284081129898447 0.0007753989547875687
5.9 0.06553890946986049 0.0007918700636701815
6.02 0.028760578374657026 0.0005245696105021764
6.140000000000001 0.02026443945360066 0.00044032324934465024
6.26 0.01246674438528879 0.00034536700708686155
6.38 0.006869625839322653 0.00025637215933866264
6.5 0.003329567955549092 0.0001784835770369216
6.62 0.0011863977772646364 0.00010654166555475472
6.74 0.0006027666126425125 7.594145503166142e-05
6.859999999999999 0.0002678962722855611 5.0627636687774275e-05
6.98 0.00010524496411218472 3.1732550639503294e-05
7.1 5.7406344061191666e-05 2.343604182476183e-05
7.22 2.8703172030596046e-05 1.6571784098460766e-05
7.34 9.567724010198542e-06 9.567724010198542e-06
7.46 1.9135448020397364e-05 1.3530805056265674e-05
