# log Stellar Mass (Msun), Phi (cMpc^-3 mag^-1), dPhi (cMpc^-3 mag^-1)
5.0600000000000005 3.6904078325051785e-05 7.102193185054561e-06
5.18 0.00010797859954367003 1.2148541590551945e-05
5.300000000000001 0.003645302847885671 7.058657458566256e-05
5.42 0.1701715392453925 0.0004822794569083361
5.54 0.7102996296108558 0.0009853172672990023
5.66 1.6142171895629431 0.0014853755928218818
5.779999999999999 1.9695638261194353 0.00164074212776595
5.9 1.3377537038351068 0.0013522076252196562
6.02 1.0592522928930985 0.001203247605178302
6.140000000000001 1.0117417090938836 0.0011759534394461693
6.26 0.7231436156856842 0.0009941858503043552
6.38 0.511504193762379 0.0008361417306360747
6.5 0.35400578837734603 0.0006956014541600668
6.62 0.24613516743322403 0.0005800188853089343
6.74 0.17207688314113775 0.0004849718882029003
6.859999999999999 0.12447062210182096 0.0004124665457685976
6.98 0.09198136499861796 0.0003545726430483643
7.1 0.06924161866180735 0.00030763723938050113
7.22 0.053635293983458066 0.0002707575853150871
7.34 0.041044169186036 0.00023685416941952387
7.46 0.032099714054216584 0.0002094623064887264
7.58 0.02520411867829463 0.0001856055923704174
7.699999999999999 0.019348671584053075 0.00016262259098037492
7.82 0.01544777382332353 0.00014530757354833335
7.9399999999999995 0.011935052293864896 0.00012772251529612777
8.06 0.009085237356541386 0.00011143546729227495
8.18 0.00709788439785168 9.849626459555285e-05
8.3 0.005352458174848292 8.553265257288772e-05
8.42 0.004084051334639034 7.471381208442682e-05
8.54 0.0029851298911819884 6.387588292196459e-05
8.66 0.002348192835645905 5.665290431867405e-05
8.78 0.0017085221446783109 4.832430377237669e-05
8.9 0.0012424373036100677 4.1209044119874554e-05
9.02 0.0007640511031001519 3.231591842188639e-05
9.14 0.0004824866536571621 2.5680173399492584e-05
9.26 0.00034443806436714743 2.1697558580474534e-05
9.379999999999999 0.00025559491284387904 1.8690951150990613e-05
9.5 0.000222791287666055 1.7450360423071072e-05
9.62 0.00016401812588911783 1.4972737898198653e-05
9.74 0.00012711404756406632 1.3181112704560248e-05
9.86 8.610951609178813e-05 1.0848779290237428e-05
9.98 0.00011344587040664152 1.2452302014071318e-05
10.1 6.150679720841918e-05 9.16889197575464e-06
10.219999999999999 8.200906294456012e-05 1.058732450074524e-05
10.34 4.2371349188022726e-05 7.610118968196766e-06
10.459999999999999 1.913544802039708e-05 5.114163602481966e-06
