# log Stellar Mass (Msun), Phi (cMpc^-3 mag^-1), dPhi (cMpc^-3 mag^-1)
5.0600000000000005 4.5925075248953334e-05 9.374416729904733e-06
5.18 0.00011481268812238332 1.4822254301043224e-05
5.300000000000001 0.0013662709886563618 5.1131406674577743e-05
5.42 0.10887113151205 0.0004564315806307296
5.54 0.5062474128276326 0.0009842393536952181
5.66 1.27678023889937 0.0015630662780230797
5.779999999999999 1.7159904366771415 0.0018120774212084362
5.9 1.2552279837939966 0.0015498177259806402
6.02 0.8769718421403987 0.001295424606089818
6.140000000000001 0.8801157962501499 0.0012977445846958967
6.26 0.6056560652935925 0.0010765454080373872
6.38 0.42230785654135755 0.0008989466078390071
6.5 0.2789278580693181 0.0007305757681121192
6.62 0.18133324607569154 0.0005890579686797659
6.74 0.12112547242431237 0.00048143433420576553
6.859999999999999 0.08311673202139737 0.0003988077112118991
6.98 0.05737572734435903 0.0003313472873331644
7.1 0.04220323060898608 0.0002841791205579837
7.22 0.03079276295442344 0.00024274128509975127
7.34 0.022773096689074564 0.00020875186417305668
7.46 0.016867897429980273 0.00017965933721484723
7.58 0.012935562861788522 0.00015733015945975997
7.699999999999999 0.009630870988665923 0.00013575383279847695
7.82 0.007083942857151053 0.0001164278404517056
7.9399999999999995 0.005225890854370481 9.999988140196746e-05
8.06 0.003909372030567124 8.64913783468106e-05
8.18 0.003055931048857459 7.647000048341198e-05
8.3 0.0022981673072497233 6.631475028231176e-05
8.42 0.0016303401713378314 5.585453392894827e-05
8.54 0.0010715850891422523 4.528273486961057e-05
8.66 0.0006831354943281859 3.615536439120129e-05
8.78 0.0004956081037282845 3.079558914419426e-05
8.9 0.00033678388515898865 2.5386040511602445e-05
9.02 0.00022197119703660945 2.0609508249639097e-05
9.14 0.0001320345913407418 1.589509691538612e-05
9.26 0.00011098559851830307 1.4573123040239687e-05
9.379999999999999 7.84553368836292e-05 1.225266510135428e-05
9.5 4.401153044691394e-05 9.177038482893366e-06
9.62 7.271470247750891e-05 1.1795882373002072e-05
9.74 4.209798564487358e-05 8.97532069661525e-06
9.86 3.0616716832635784e-05 7.654179208158946e-06
9.98 2.1048992822437102e-05 6.346510127900706e-06
10.1 5.7406344061191236e-06 3.3143568196921036e-06
10.219999999999999 5.740634406119209e-06 3.314356819692153e-06
10.34 7.654179208158946e-06 3.827089604079473e-06
