# log Stellar Mass (Msun), Phi (cMpc^-3 mag^-1), dPhi (cMpc^-3 mag^-1)
5.0600000000000005 3.827089604079445e-05 9.567724010198613e-06
5.18 0.00015069165316062812 1.8985363757915356e-05
5.300000000000001 0.0004951297175277782 3.4413894310849866e-05
5.42 0.0596380156865705 0.0003776903740516172
5.54 0.32270976313999133 0.0008785781053953064
5.66 0.8875547016680793 0.0014570413883546983
5.779999999999999 1.3051954224372588 0.0017669005052106273
5.9 1.0292000717770646 0.0015690046397349785
6.02 0.6500048580118656 0.001246902871793335
6.140000000000001 0.681817540345776 0.0012770514918495693
6.26 0.4633911850549468 0.0010528056524549774
6.38 0.32380048367715397 0.0008800615975873298
6.5 0.2068374495834746 0.0007033782113109632
6.62 0.1280520262214966 0.0005534361855340695
6.74 0.07978764245204877 0.00043685985807968467
6.859999999999999 0.05045060870577728 0.0003473821743567883
6.98 0.0334415873466467 0.00028282498041883855
7.1 0.022914699004425675 0.0002341161655306601
7.22 0.0159828829590369 0.0001955248149464491
7.34 0.011237291849978187 0.00016394763420269647
7.46 0.008001009203528647 0.00013833966157832475
7.58 0.005625821717996784 0.00011600248868922448
7.699999999999999 0.004138040634410899 9.948822886782971e-05
7.82 0.003135821544342595 8.660640143994082e-05
7.9399999999999995 0.0022436312803915744 7.325715813392423e-05
8.06 0.0015069165316062701 6.0036991681825666e-05
8.18 0.0010261384000938086 4.9542428806943845e-05
8.3 0.0007606340588107952 4.265423996351043e-05
8.42 0.0004688184764997285 3.348703403569489e-05
8.54 0.0003205187543416558 2.7688603168242498e-05
8.66 0.00018178675619377497 2.0852371040071886e-05
8.78 0.00013873199814787884 1.8216403800299607e-05
8.9 9.328530909943577e-05 1.4937604323229545e-05
9.02 5.740634406119209e-05 1.1718020912381002e-05
9.14 3.587896503824505e-05 9.263908938152084e-06
9.26 2.870317203059562e-05 8.285892049230259e-06
9.379999999999999 1.4351586015298023e-05 5.859010456190501e-06
9.5 2.3919310025496705e-05 7.563949974026978e-06
9.62 1.1959655012748175e-05 5.348520319190207e-06
9.74 2.3919310025496354e-06 2.3919310025496354e-06
9.86 4.783862005099341e-06 3.3827012640664186e-06
9.98 2.3919310025496705e-06 2.3919310025496705e-06
