# log Stellar Mass (Msun), Phi (cMpc^-3 mag^-1), dPhi (cMpc^-3 mag^-1)
5.0600000000000005 2.8703172030595833e-05 9.567724010198611e-06
5.18 9.248799876525325e-05 1.7174590208032457e-05
5.300000000000001 0.00021048992822436945 2.5909519101270367e-05
5.42 0.03135662082275758 0.0003162338237889761
5.54 0.1939186302387069 0.0007864180259377994
5.66 0.5768731622295783 0.0013563877524640135
5.779999999999999 0.920217316818229 0.0017131243695581776
5.9 0.7706036272294167 0.0015676864935937741
6.02 0.45780602616399335 0.0012083269023106362
6.140000000000001 0.4802869883466234 0.0012376393322490965
6.26 0.32599468171682383 0.001019644896268485
6.38 0.22712182179543305 0.0008510853673657403
6.5 0.14202967369006061 0.000673028161650773
6.62 0.08455635556079921 0.0005192982037692651
6.74 0.04889744817478837 0.00039489968723688333
6.859999999999999 0.029669512155625896 0.00030760889877801074
6.98 0.018016024311203985 0.00023970283572973452
7.1 0.012007493632799257 0.00019569055941531807
7.22 0.007638233001475282 0.00015607744368710788
7.34 0.005179327930854143 0.00012852286463339914
7.46 0.0035081654704061833 0.00010577516879834512
7.58 0.0026024209307740223 9.110295499051247e-05
7.699999999999999 0.0016073776337133666 7.159829043474807e-05
7.82 0.0011258021918667033 5.992040459881559e-05
7.9399999999999995 0.0007303362661118273 4.826197892336137e-05
8.06 0.0005070893725405227 4.021480309940802e-05
8.18 0.0002870317203059605 3.025579989610791e-05
8.3 0.00023919310025496705 2.7619640164101275e-05
8.42 0.0001435158601529781 2.1394081276760826e-05
8.54 7.654179208158946e-05 1.562402788317467e-05
8.66 6.059558539792499e-05 1.3901580693381258e-05
8.78 1.913544802039708e-05 7.81201394158722e-06
8.9 2.870317203059562e-05 9.56772401019854e-06
9.02 2.232468935713026e-05 8.437939447962442e-06
9.14 1.594620668366447e-05 7.131360425587048e-06
9.26 6.378482673465695e-06 4.510268352088491e-06
