# id M_UV M_UV_err_low M_UV_err_upp log10Mstar log10Mstar_err_low log10Mstar_err_upp log10sSFR log10sSFR_err_low log10sSFR_err_upp age age_err_low age_err_upp tau_V tau_V_err_low tau_V_err_upp EW_oiii_hb EW_oiii_hb_err_low EW_oiii_hb_err_upp
EGSI-9136950177          -21.72  0.07  0.08        9.37  0.22  0.15        5  2  6           183  98  122      0.03  0.03  0.05        301  92  179
EGSZ-9314453285          -20.31  0.07  0.08        7.62  0.04  0.18        100  0  0         4  1  4           0.02  0.02  0.02        2507  633  706
EGSZ-9338153359          -20.76  0.05  0.07        8.27  0.44  0.45        42  31  57        24  18  69        0.01  0.01  0.03        1160  309  306
EGSI-9179549499          -20.88  0.13  0.08        8.60  0.39  0.24        21  11  46        49  34  59        0.04  0.04  0.04        766  168  227
EGSZ-9271353221          -20.73  0.40  0.08        8.22  0.29  0.25        61  32  38        17  12  19        0.06  0.04  0.03        1208  208  220
EGSZ-9419055074          -20.21  0.08  0.07        8.31  0.03  0.05        100  0  0         3  1  1           0.41  0.04  0.03        2769  581  473
EGSZ-9350655307          -20.85  0.08  0.06        8.97  0.24  0.25        9  5  10          112  60  169      0.09  0.07  0.04        797  186  185
EGSZ-9135048459          -20.33  0.04  0.06        7.59  0.03  0.27        100  0  0         3  1  6           0.02  0.01  0.03        3036  1240  733
EGSI-0020500266          -19.92  0.06  0.09        7.85  0.12  0.13        40  13  16        25  7  13         0.00  0.00  0.00        302  42  76
EGSZ-9262051131          -20.85  0.07  0.05        8.15  0.30  0.39        67  45  32        15  9  32         0.02  0.01  0.03        1127  209  219
EGSY-9587400281          -21.14  0.07  0.10        8.55  0.42  0.64        49  43  50        21  15  141       0.11  0.04  0.03        694  240  203
EGSY-9105550297          -20.80  0.05  0.07        8.57  0.34  0.33        39  25  60        26  16  46        0.14  0.03  0.02        1266  366  256
