#id z L L_errmin L_errmax LUV LUV_errmin LUV_errmax EW EW_errmin EW_errmax Mstar Mstar_errmin Mstar_errmax
     10374  7.575e+00  9.204e+00  8.755e+00  9.629e+00  1.040e+01  1.020e+01  1.059e+01  4.141e+02  1.310e+02  1.229e+03  7.059e+08  2.386e+08  2.157e+09
     10375  8.050e+00  9.193e+00  8.920e+00  9.502e+00  1.045e+01  1.026e+01  1.065e+01  3.947e+02  1.689e+02  9.965e+02  5.130e+08  2.477e+08  2.109e+09
     10381  8.050e+00  9.695e+00  9.684e+00  9.709e+00  1.083e+01  1.083e+01  1.084e+01  6.799e+02  6.730e+02  7.092e+02  6.678e+08  6.657e+08  6.811e+08
     10382  7.575e+00  9.642e+00  9.392e+00  9.844e+00  1.005e+01  9.859e+00  1.025e+01  8.296e+02  3.949e+02  2.181e+03  2.871e+09  3.772e+08  5.689e+09
     10383  8.050e+00  1.025e+01  1.017e+01  1.032e+01  1.074e+01  1.055e+01  1.075e+01  1.970e+03  1.297e+03  3.156e+03  1.280e+09  5.297e+08  3.568e+09
     10384  7.575e+00  9.514e+00  9.181e+00  9.777e+00  1.025e+01  1.020e+01  1.046e+01  3.546e+02  1.424e+02  9.198e+02  1.808e+09  7.599e+08  5.706e+09
     10385  7.575e+00  9.594e+00  9.067e+00  9.642e+00  9.876e+00  9.861e+00  9.898e+00  1.265e+03  1.865e+02  1.433e+03  4.314e+08  4.160e+08  5.523e+09
     10391  7.575e+00  9.448e+00  9.077e+00  9.643e+00  1.050e+01  1.030e+01  1.070e+01  9.121e+02  3.699e+02  1.926e+03  6.982e+08  1.685e+08  1.644e+09
     10392  7.575e+00  9.173e+00  8.856e+00  9.483e+00  1.011e+01  9.913e+00  1.032e+01  4.591e+02  1.658e+02  1.087e+03  4.235e+08  2.700e+08  2.285e+09
     10393  7.575e+00  9.451e+00  8.967e+00  9.619e+00  1.081e+01  1.080e+01  1.082e+01  1.180e+03  4.024e+02  1.861e+03  2.079e+08  1.128e+08  3.994e+08
     20433  8.050e+00  9.550e+00  9.302e+00  9.732e+00  1.055e+01  1.035e+01  1.073e+01  8.226e+02  3.916e+02  1.730e+03  1.363e+09  2.875e+08  2.802e+09
     20440  7.575e+00  8.965e+00  8.472e+00  9.378e+00  1.040e+01  1.021e+01  1.059e+01  4.710e+02  1.241e+02  1.444e+03  3.465e+08  9.666e+07  9.770e+08
     20443  7.575e+00  8.704e+00  8.502e+00  8.971e+00  1.032e+01  1.030e+01  1.051e+01  4.268e+02  2.445e+02  8.906e+02  8.491e+07  5.188e+07  2.512e+08
     20444  7.575e+00  8.568e+00  8.379e+00  9.030e+00  1.048e+01  1.047e+01  1.048e+01  3.419e+02  1.914e+02  9.767e+02  9.792e+07  4.871e+07  2.649e+08
     20447  7.575e+00  9.384e+00  9.160e+00  9.544e+00  1.036e+01  1.027e+01  1.055e+01  1.422e+03  6.247e+02  2.709e+03  2.387e+08  8.085e+07  8.424e+08
     20449  8.525e+00  9.391e+00  9.054e+00  9.861e+00  1.071e+01  1.068e+01  1.090e+01  2.392e+02  1.017e+02  1.014e+03  4.059e+09  7.806e+08  6.768e+09
     20457  7.575e+00  9.128e+00  9.042e+00  9.359e+00  9.934e+00  9.728e+00  9.972e+00  6.983e+02  5.772e+02  1.169e+03  2.242e+08  1.930e+08  2.997e+08
     20461  7.575e+00  9.099e+00  8.623e+00  9.501e+00  1.055e+01  1.036e+01  1.075e+01  3.475e+02  1.039e+02  1.101e+03  1.175e+09  2.674e+08  2.038e+09
     20462  8.050e+00  8.993e+00  8.712e+00  9.290e+00  1.033e+01  1.011e+01  1.053e+01  3.536e+02  1.508e+02  8.858e+02  3.893e+08  1.699e+08  1.396e+09
     20463  8.050e+00  9.063e+00  8.900e+00  9.340e+00  1.006e+01  9.846e+00  1.026e+01  4.580e+02  2.370e+02  1.022e+03  3.122e+08  1.701e+08  9.092e+08
     20467  7.575e+00  9.424e+00  9.359e+00  9.696e+00  1.063e+01  1.062e+01  1.082e+01  6.401e+02  4.428e+02  1.193e+03  3.841e+08  2.788e+08  4.429e+08
     20468  8.050e+00  9.908e+00  9.649e+00  9.991e+00  1.066e+01  1.064e+01  1.082e+01  1.020e+03  4.478e+02  1.361e+03  8.592e+08  6.572e+08  9.701e+08
     20471  7.575e+00  8.822e+00  8.605e+00  9.102e+00  1.033e+01  1.013e+01  1.053e+01  5.140e+02  2.560e+02  9.923e+02  1.202e+08  6.985e+07  2.956e+08
     20475  7.575e+00  9.263e+00  9.150e+00  9.529e+00  1.011e+01  9.923e+00  1.016e+01  6.254e+02  3.574e+02  1.201e+03  3.494e+08  2.877e+08  6.118e+08
     20478  8.050e+00  1.007e+01  9.979e+00  1.016e+01  1.093e+01  1.074e+01  1.094e+01  1.452e+03  9.593e+02  2.316e+03  1.485e+09  4.863e+08  3.529e+09
     20479  7.575e+00  9.038e+00  8.758e+00  9.336e+00  1.034e+01  1.014e+01  1.054e+01  3.903e+02  1.616e+02  9.800e+02  2.927e+08  1.473e+08  1.300e+09
     20480  7.575e+00  9.187e+00  8.468e+00  9.450e+00  1.050e+01  1.031e+01  1.051e+01  9.313e+02  1.661e+02  2.202e+03  1.834e+08  7.057e+07  7.099e+08
     20481  7.575e+00  9.873e+00  9.787e+00  9.963e+00  1.106e+01  1.104e+01  1.107e+01  1.783e+03  1.330e+03  2.419e+03  3.555e+08  2.093e+08  6.642e+08
     20482  7.575e+00  1.017e+01  1.012e+01  1.022e+01  1.104e+01  1.085e+01  1.105e+01  3.624e+03  2.625e+03  4.564e+03  3.098e+08  2.376e+08  4.329e+08
     20483  7.575e+00  9.392e+00  8.755e+00  9.657e+00  1.003e+01  9.804e+00  1.025e+01  6.317e+02  1.412e+02  1.611e+03  1.453e+09  2.987e+08  3.132e+09
     20484  8.050e+00  9.626e+00  9.482e+00  9.731e+00  1.074e+01  1.055e+01  1.076e+01  1.710e+03  9.130e+02  2.753e+03  2.761e+08  1.134e+08  9.737e+08
    303684  7.575e+00  9.637e+00  9.506e+00  9.761e+00  1.058e+01  1.038e+01  1.073e+01  1.012e+03  6.452e+02  1.688e+03  1.377e+09  4.460e+08  2.293e+09
    303688  7.575e+00  9.447e+00  9.326e+00  9.548e+00  1.058e+01  1.056e+01  1.060e+01  1.821e+03  1.199e+03  2.682e+03  1.339e+08  7.373e+07  3.025e+08
    303692  7.575e+00  8.515e+00  8.279e+00  8.921e+00  1.038e+01  1.018e+01  1.040e+01  3.464e+02  1.868e+02  9.610e+02  8.129e+07  4.082e+07  2.235e+08
    303702  7.575e+00  8.481e+00  8.058e+00  8.930e+00  1.019e+01  1.006e+01  1.023e+01  5.231e+02  1.661e+02  1.567e+03  5.951e+07  2.906e+07  1.532e+08
    303734  7.575e+00  8.833e+00  8.284e+00  9.253e+00  9.716e+00  9.520e+00  1.008e+01  4.515e+02  1.140e+02  1.383e+03  4.669e+08  1.116e+08  1.408e+09
    303759  7.575e+00  8.111e+00  7.983e+00  8.425e+00  1.008e+01  1.005e+01  1.009e+01  3.149e+02  2.096e+02  7.040e+02  3.634e+07  1.922e+07  6.671e+07
    303776  7.575e+00  8.304e+00  7.959e+00  8.805e+00  1.008e+01  1.006e+01  1.009e+01  4.473e+02  1.676e+02  1.444e+03  4.262e+07  2.194e+07  1.145e+08
    303788  7.575e+00  8.846e+00  8.430e+00  9.200e+00  1.032e+01  1.014e+01  1.051e+01  3.425e+02  1.204e+02  9.523e+02  4.146e+08  1.196e+08  1.136e+09
    303789  7.575e+00  9.246e+00  9.196e+00  9.359e+00  1.006e+01  1.006e+01  1.006e+01  1.405e+02  1.246e+02  1.867e+02  1.517e+10  1.438e+10  1.569e+10
    303814  7.575e+00  8.935e+00  8.214e+00  9.180e+00  1.027e+01  1.007e+01  1.028e+01  9.906e+02  1.756e+02  2.108e+03  9.640e+07  3.982e+07  2.955e+08
    303827  7.575e+00  8.925e+00  8.568e+00  9.258e+00  9.952e+00  9.759e+00  1.014e+01  2.306e+02  9.928e+01  6.412e+02  1.861e+09  5.585e+08  2.966e+09
    303844  7.575e+00  9.149e+00  8.542e+00  9.371e+00  1.022e+01  9.992e+00  1.044e+01  7.312e+02  1.670e+02  1.682e+03  5.042e+08  1.216e+08  1.127e+09
    303846  7.575e+00  8.532e+00  8.297e+00  8.872e+00  1.018e+01  9.965e+00  1.037e+01  3.613e+02  1.917e+02  9.258e+02  7.953e+07  4.165e+07  2.857e+08
    303849  7.575e+00  8.909e+00  8.161e+00  9.170e+00  1.021e+01  9.935e+00  1.025e+01  9.155e+02  1.576e+02  2.166e+03  1.058e+08  3.886e+07  3.792e+08
    303850  7.575e+00  8.876e+00  8.591e+00  9.200e+00  1.006e+01  9.882e+00  1.030e+01  3.673e+02  1.531e+02  9.305e+02  3.234e+08  1.398e+08  1.173e+09
    303854  7.575e+00  8.503e+00  8.045e+00  8.930e+00  1.018e+01  9.994e+00  1.021e+01  5.590e+02  1.634e+02  1.602e+03  5.973e+07  2.858e+07  1.555e+08
    303857  7.575e+00  8.612e+00  8.429e+00  8.923e+00  1.049e+01  1.029e+01  1.050e+01  3.729e+02  2.108e+02  8.500e+02  7.853e+07  4.974e+07  2.466e+08
    303858  7.575e+00  9.646e+00  9.475e+00  9.785e+00  1.002e+01  9.828e+00  1.021e+01  1.180e+03  6.268e+02  2.197e+03  1.042e+09  3.138e+08  3.049e+09
    303863  7.575e+00  8.958e+00  8.262e+00  9.210e+00  1.023e+01  1.003e+01  1.025e+01  1.019e+03  1.797e+02  2.287e+03  9.751e+07  3.913e+07  3.622e+08
    303864  7.575e+00  8.846e+00  8.209e+00  9.198e+00  1.012e+01  9.915e+00  1.031e+01  5.667e+02  1.214e+02  1.616e+03  2.779e+08  6.500e+07  7.465e+08
    303865  7.575e+00  9.025e+00  8.495e+00  9.412e+00  1.061e+01  1.043e+01  1.062e+01  6.120e+02  1.597e+02  1.699e+03  1.997e+08  7.559e+07  5.785e+08
    303866  9.000e+00  9.149e+00  8.489e+00  9.418e+00  1.024e+01  1.005e+01  1.042e+01  9.121e+02  1.693e+02  2.303e+03  2.392e+08  6.609e+07  9.303e+08
    303867  7.575e+00  8.742e+00  8.209e+00  9.158e+00  9.790e+00  9.438e+00  1.001e+01  4.746e+02  1.196e+02  1.442e+03  2.953e+08  8.547e+07  8.806e+08
    303868  7.575e+00  9.223e+00  8.925e+00  9.442e+00  9.565e+00  9.368e+00  9.774e+00  1.006e+03  4.440e+02  2.598e+03  7.047e+08  1.214e+08  1.768e+09
    303870  7.575e+00  1.007e+01  9.887e+00  1.025e+01  1.002e+01  1.001e+01  1.020e+01  1.481e+03  7.100e+02  4.248e+03  3.711e+09  5.473e+08  1.033e+10
    303876  7.575e+00  8.272e+00  7.935e+00  8.743e+00  1.002e+01  9.827e+00  1.004e+01  4.046e+02  1.593e+02  1.264e+03  5.124e+07  1.983e+07  1.621e+08
    303878  7.575e+00  9.060e+00  8.671e+00  9.306e+00  9.937e+00  9.739e+00  1.012e+01  4.231e+02  1.452e+02  1.018e+03  4.045e+08  1.906e+08  1.804e+09
    303884  7.575e+00  9.332e+00  9.189e+00  9.440e+00  1.054e+01  1.053e+01  1.055e+01  1.582e+03  1.013e+03  2.268e+03  1.290e+08  6.695e+07  3.002e+08
    303885  7.575e+00  8.101e+00  7.968e+00  8.420e+00  1.006e+01  1.003e+01  1.007e+01  3.175e+02  2.076e+02  7.168e+02  3.504e+07  1.848e+07  6.476e+07
    303886  7.575e+00  9.139e+00  8.768e+00  9.327e+00  1.004e+01  1.003e+01  1.023e+01  5.031e+02  1.731e+02  1.142e+03  3.054e+08  1.619e+08  1.445e+09
    303887  7.575e+00  9.086e+00  8.860e+00  9.240e+00  1.007e+01  9.869e+00  1.010e+01  2.216e+03  9.875e+02  3.977e+03  4.636e+07  2.604e+07  1.935e+08
    303889  8.050e+00  8.745e+00  8.046e+00  9.029e+00  1.017e+01  1.016e+01  1.018e+01  8.900e+02  1.616e+02  1.892e+03  7.117e+07  3.071e+07  1.689e+08
    303890  7.575e+00  8.305e+00  7.926e+00  8.808e+00  1.005e+01  9.863e+00  1.006e+01  4.745e+02  1.622e+02  1.543e+03  5.069e+07  2.049e+07  1.389e+08
    303891  7.575e+00  9.884e+00  9.816e+00  9.945e+00  9.817e+00  9.800e+00  9.829e+00  1.873e+03  1.401e+03  2.681e+03  8.421e+08  4.272e+08  1.765e+09
    303893  7.575e+00  9.184e+00  8.982e+00  9.377e+00  9.332e+00  9.279e+00  9.527e+00  9.455e+02  4.925e+02  2.595e+03  9.862e+08  1.105e+08  1.943e+09
    303901  7.575e+00  8.328e+00  7.782e+00  8.717e+00  9.912e+00  9.713e+00  9.943e+00  6.061e+02  1.577e+02  1.722e+03  3.889e+07  1.623e+07  1.106e+08
    303903  7.575e+00  8.655e+00  8.278e+00  9.003e+00  1.019e+01  9.996e+00  1.037e+01  3.666e+02  1.336e+02  1.053e+03  1.756e+08  5.745e+07  5.571e+08
    303908  7.575e+00  9.063e+00  8.470e+00  9.275e+00  9.358e+00  9.329e+00  9.545e+00  5.190e+02  1.324e+02  1.076e+03  1.936e+09  4.766e+08  2.961e+09
    303910  7.575e+00  8.901e+00  8.231e+00  9.166e+00  9.912e+00  9.702e+00  1.010e+01  1.028e+03  1.923e+02  2.563e+03  1.074e+08  3.482e+07  4.391e+08
    303911  7.575e+00  9.094e+00  8.502e+00  9.332e+00  9.819e+00  9.608e+00  1.002e+01  9.350e+02  2.043e+02  2.410e+03  3.003e+08  7.398e+07  9.632e+08
    303913  8.525e+00  9.120e+00  8.314e+00  9.422e+00  9.977e+00  9.777e+00  1.032e+01  8.181e+02  1.360e+02  2.293e+03  2.477e+08  7.040e+07  1.032e+09
    403975  7.575e+00  9.187e+00  8.648e+00  9.404e+00  1.016e+01  9.804e+00  1.035e+01  9.603e+02  2.655e+02  2.132e+03  3.576e+08  8.997e+07  1.007e+09
    404036  7.575e+00  8.511e+00  8.096e+00  9.024e+00  1.019e+01  9.825e+00  1.021e+01  4.671e+02  1.422e+02  1.569e+03  8.515e+07  3.415e+07  3.357e+08
    404038  7.575e+00  9.091e+00  9.000e+00  9.343e+00  1.033e+01  1.031e+01  1.051e+01  6.569e+02  4.402e+02  1.126e+03  1.808e+08  1.310e+08  2.126e+08
    404040  8.525e+00  9.406e+00  9.088e+00  9.611e+00  1.004e+01  9.850e+00  1.023e+01  1.389e+03  4.999e+02  3.162e+03  3.244e+08  9.370e+07  1.452e+09
    404043  7.575e+00  8.506e+00  8.103e+00  8.994e+00  1.001e+01  9.802e+00  1.019e+01  4.344e+02  1.431e+02  1.411e+03  8.686e+07  3.650e+07  3.496e+08
    404089  7.575e+00  9.169e+00  8.587e+00  9.385e+00  1.018e+01  9.953e+00  1.039e+01  7.902e+02  1.950e+02  1.890e+03  4.519e+08  9.810e+07  1.100e+09
    404090  9.000e+00  9.438e+00  9.071e+00  9.645e+00  1.014e+01  9.938e+00  1.034e+01  1.019e+03  3.349e+02  2.556e+03  7.971e+08  1.375e+08  2.314e+09
    404092  7.575e+00  9.069e+00  8.833e+00  9.209e+00  1.032e+01  1.030e+01  1.033e+01  1.426e+03  7.528e+02  2.192e+03  7.709e+07  3.930e+07  1.819e+08
    404093  7.575e+00  8.482e+00  8.062e+00  8.975e+00  1.018e+01  9.997e+00  1.019e+01  5.335e+02  1.685e+02  1.712e+03  5.242e+07  2.648e+07  1.481e+08
    404094  7.575e+00  8.655e+00  8.046e+00  9.028e+00  9.390e+00  9.190e+00  9.596e+00  5.083e+02  1.193e+02  1.460e+03  3.555e+08  7.357e+07  8.439e+08
    404097  7.575e+00  9.168e+00  8.862e+00  9.361e+00  1.023e+01  1.004e+01  1.025e+01  1.757e+03  6.663e+02  3.349e+03  8.314e+07  4.020e+07  3.081e+08
    404098  8.050e+00  9.007e+00  8.688e+00  9.210e+00  9.901e+00  9.699e+00  1.009e+01  1.603e+03  5.674e+02  3.351e+03  7.236e+07  2.964e+07  3.629e+08
    404101  8.525e+00  8.774e+00  8.095e+00  9.023e+00  1.007e+01  9.875e+00  1.008e+01  9.750e+02  1.735e+02  2.203e+03  7.472e+07  2.617e+07  2.651e+08
    404102  8.050e+00  9.460e+00  9.317e+00  9.573e+00  1.060e+01  1.042e+01  1.061e+01  1.627e+03  8.876e+02  2.609e+03  2.102e+08  8.355e+07  6.616e+08
    404105  7.575e+00  8.453e+00  7.890e+00  8.919e+00  9.760e+00  9.395e+00  9.944e+00  5.729e+02  1.358e+02  1.861e+03  7.431e+07  2.361e+07  3.173e+08
    404106  8.050e+00  9.413e+00  9.250e+00  9.539e+00  9.961e+00  9.756e+00  1.001e+01  1.357e+03  6.989e+02  2.586e+03  5.089e+08  1.248e+08  1.502e+09
    404110  7.575e+00  8.395e+00  7.970e+00  8.895e+00  9.875e+00  9.676e+00  1.006e+01  4.693e+02  1.445e+02  1.546e+03  6.199e+07  2.533e+07  2.523e+08
    404113  8.050e+00  8.583e+00  8.183e+00  9.103e+00  1.029e+01  1.011e+01  1.030e+01  4.540e+02  1.411e+02  1.520e+03  1.042e+08  4.121e+07  4.197e+08
    404116  8.525e+00  9.523e+00  9.359e+00  9.627e+00  1.032e+01  1.027e+01  1.050e+01  2.392e+03  1.084e+03  4.015e+03  1.151e+08  6.456e+07  6.331e+08
     50141  7.575e+00  8.939e+00  8.268e+00  9.272e+00  1.014e+01  9.950e+00  1.032e+01  5.651e+02  1.227e+02  1.643e+03  4.374e+08  8.208e+07  1.121e+09
     50153  7.575e+00  8.595e+00  8.253e+00  8.981e+00  9.868e+00  9.684e+00  1.005e+01  3.797e+02  1.541e+02  1.051e+03  1.383e+08  6.285e+07  5.372e+08
     50154  8.050e+00  8.305e+00  7.798e+00  8.790e+00  9.717e+00  9.530e+00  9.891e+00  5.295e+02  1.362e+02  1.754e+03  5.776e+07  1.705e+07  2.328e+08
     50161  7.575e+00  8.756e+00  7.981e+00  9.065e+00  9.798e+00  9.608e+00  9.981e+00  1.057e+03  1.710e+02  2.698e+03  5.916e+07  2.349e+07  2.396e+08
     50164  8.050e+00  8.952e+00  8.274e+00  9.251e+00  1.014e+01  9.802e+00  1.016e+01  1.165e+03  2.202e+02  2.893e+03  8.612e+07  3.210e+07  3.726e+08
     50169  7.575e+00  8.668e+00  8.176e+00  9.156e+00  9.851e+00  9.665e+00  1.021e+01  4.942e+02  1.398e+02  1.639e+03  1.348e+08  5.179e+07  5.410e+08
     60283  7.575e+00  9.004e+00  8.187e+00  9.324e+00  9.813e+00  9.626e+00  1.001e+01  7.871e+02  1.299e+02  2.114e+03  1.936e+08  7.676e+07  7.390e+08
     60293  9.000e+00  9.187e+00  8.558e+00  9.469e+00  1.054e+01  1.036e+01  1.055e+01  8.490e+02  1.608e+02  2.052e+03  3.028e+08  8.099e+07  8.993e+08
     60294  7.575e+00  9.127e+00  8.826e+00  9.330e+00  1.003e+01  9.843e+00  1.021e+01  1.630e+03  6.242e+02  3.134e+03  8.966e+07  4.219e+07  3.337e+08
     70291  7.575e+00  9.667e+00  9.550e+00  9.762e+00  1.044e+01  1.043e+01  1.063e+01  2.266e+03  1.404e+03  3.444e+03  1.961e+08  1.156e+08  4.639e+08
     70304  7.575e+00  9.342e+00  8.832e+00  9.564e+00  1.013e+01  9.936e+00  1.032e+01  7.682e+02  2.188e+02  1.871e+03  9.745e+08  1.870e+08  2.050e+09
     70305  7.575e+00  9.091e+00  8.710e+00  9.411e+00  1.038e+01  1.018e+01  1.058e+01  3.145e+02  1.142e+02  9.121e+02  8.215e+08  2.200e+08  2.173e+09
     70307  7.575e+00  9.308e+00  9.212e+00  9.546e+00  1.046e+01  1.026e+01  1.051e+01  6.002e+02  3.912e+02  1.062e+03  3.175e+08  2.703e+08  5.381e+08
     70309  7.575e+00  9.445e+00  9.166e+00  9.721e+00  1.046e+01  1.044e+01  1.066e+01  3.699e+02  1.589e+02  9.142e+02  1.234e+09  5.538e+08  4.176e+09
     70313  7.575e+00  9.436e+00  9.113e+00  9.661e+00  1.009e+01  1.006e+01  1.028e+01  4.265e+02  1.756e+02  1.001e+03  8.406e+08  5.517e+08  3.686e+09
     70318  8.050e+00  8.906e+00  8.697e+00  9.187e+00  1.048e+01  1.027e+01  1.067e+01  4.444e+02  2.244e+02  9.673e+02  1.511e+08  8.164e+07  4.204e+08
     70322  7.575e+00  9.639e+00  9.481e+00  9.749e+00  1.043e+01  1.036e+01  1.062e+01  2.565e+03  1.413e+03  4.093e+03  1.353e+08  8.295e+07  4.038e+08
     70323  7.575e+00  9.692e+00  9.444e+00  9.858e+00  1.046e+01  1.026e+01  1.066e+01  1.948e+03  8.087e+02  3.698e+03  2.903e+08  1.313e+08  1.337e+09
     70324  8.050e+00  9.503e+00  9.097e+00  9.719e+00  1.059e+01  1.040e+01  1.078e+01  7.723e+02  3.121e+02  1.554e+03  1.048e+09  2.800e+08  2.045e+09
     80618  7.575e+00  7.737e+00  7.378e+00  8.260e+00  9.495e+00  9.308e+00  9.499e+00  4.303e+02  1.535e+02  1.438e+03  1.562e+07  5.848e+06  4.828e+07
     80619  7.575e+00  8.617e+00  7.932e+00  8.883e+00  1.005e+01  9.871e+00  1.006e+01  8.094e+02  1.549e+02  1.771e+03  6.238e+07  2.434e+07  1.811e+08
     80647  7.575e+00  8.388e+00  7.591e+00  8.677e+00  9.451e+00  9.263e+00  9.635e+00  1.009e+03  1.604e+02  2.558e+03  2.523e+07  1.048e+07  1.003e+08
     80651  7.575e+00  8.325e+00  7.628e+00  8.640e+00  9.743e+00  9.560e+00  9.746e+00  8.540e+02  1.565e+02  2.074e+03  2.903e+07  1.161e+07  9.046e+07
     80667  7.575e+00  7.763e+00  7.399e+00  8.282e+00  9.513e+00  9.325e+00  9.517e+00  4.313e+02  1.542e+02  1.460e+03  1.611e+07  6.073e+06  4.985e+07
     80674  7.575e+00  9.328e+00  9.006e+00  9.505e+00  1.043e+01  1.025e+01  1.061e+01  7.622e+02  3.329e+02  1.554e+03  8.446e+08  1.991e+08  1.511e+09
     80675  7.575e+00  8.099e+00  7.346e+00  8.471e+00  9.205e+00  9.016e+00  9.388e+00  8.656e+02  1.531e+02  2.611e+03  1.873e+07  5.875e+06  8.436e+07
     80676  7.575e+00  9.147e+00  8.928e+00  9.310e+00  1.021e+01  1.003e+01  1.040e+01  8.619e+02  4.411e+02  1.603e+03  4.333e+08  1.273e+08  8.576e+08
     80679  7.575e+00  9.063e+00  8.887e+00  9.189e+00  1.028e+01  1.027e+01  1.028e+01  1.524e+03  8.761e+02  2.320e+03  7.202e+07  3.508e+07  1.821e+08
     80680  7.575e+00  8.562e+00  7.864e+00  8.861e+00  9.984e+00  9.801e+00  9.989e+00  8.525e+02  1.600e+02  1.965e+03  4.474e+07  1.880e+07  1.241e+08
     80682  7.575e+00  8.788e+00  8.097e+00  9.078e+00  9.726e+00  9.542e+00  9.913e+00  5.757e+02  1.199e+02  1.484e+03  2.904e+08  7.421e+07  7.088e+08
     80683  8.050e+00  7.907e+00  7.524e+00  8.421e+00  9.635e+00  9.454e+00  9.641e+00  4.387e+02  1.393e+02  1.416e+03  2.321e+07  9.081e+06  9.457e+07
     80688  8.050e+00  8.676e+00  7.996e+00  8.974e+00  9.535e+00  9.347e+00  9.885e+00  7.779e+02  1.541e+02  2.259e+03  1.161e+08  2.882e+07  4.587e+08
     80689  8.050e+00  8.587e+00  7.885e+00  8.869e+00  9.664e+00  9.480e+00  9.846e+00  8.196e+02  1.541e+02  2.198e+03  8.440e+07  2.025e+07  2.787e+08
     80690  7.575e+00  8.106e+00  7.383e+00  8.452e+00  8.576e+00  8.389e+00  8.934e+00  1.092e+03  2.028e+02  3.194e+03  1.794e+07  6.081e+06  1.058e+08
     80691  8.525e+00  8.892e+00  8.610e+00  9.051e+00  1.011e+01  1.011e+01  1.012e+01  1.426e+03  6.492e+02  2.309e+03  6.622e+07  2.882e+07  1.656e+08
