#ID z z_uppErr z_lowErr Muv Muv_uppErr Muv_lowErr logMstar logMstar_uppErr logMstar_lowErr tauV tauV_uppErr tauV_lowErr sSFR sSFR_uppErr sSFR_lowErr EW EW_uppErr EW_lowErr Age Age_uppErr Age_lowErr 
COS-83688 6.70 0.06 0.05 -21.6 0.1 0.1 8.7 0.6 0.5 0.02 0.05 0.01 9.3 52.4 8.6 840 730 500 37 164 28
COS-87259 6.66 0.14 0.06 -21.7 0.1 0.1 10.2 0.6 1.1 0.53 0.08 0.07 1.2 9.1 0.9 330 290 160 92 433 87
COS-237729 6.87 0.13 0.10 -21.1 0.1 0.1 8.8 0.7 0.7 0.04 0.10 0.03 5.0 38.2 4.5 550 560 360 37 282 31
COS-312533 6.85 0.08 0.09 -21.3 0.1 0.1 8.9 0.6 0.6 0.19 0.07 0.10 6.3 54.4 5.8 430 470 250 37 175 30
COS-400019 6.88 0.09 0.10 -21.4 0.1 0.1 8.6 0.5 0.4 0.01 0.04 0.01 6.1 49.6 5.5 450 540 240 38 131 28
COS-469110 6.63 0.09 0.02 -21.6 0.1 0.1 9.2 0.6 0.8 0.09 0.09 0.07 6.6 33.1 5.8 640 420 330 62 298 55
COS-505871 6.63 0.11 0.05 -21.2 0.1 0.1 10.2 0.1 1.7 0.03 0.13 0.02 0.8 2.3 0.5 220 350 160 311 240 305
COS-627785 6.66 0.05 0.03 -21.5 0.1 0.1 8.6 0.6 0.4 0.03 0.06 0.03 10.4 57.5 9.8 1100 720 510 22 98 16
COS-703599 6.65 0.08 0.04 -21.1 0.1 0.1 8.6 1.1 0.4 0.07 0.10 0.06 7.5 62.4 6.6 870 630 370 15 413 11
COS-705154 6.69 0.05 0.03 -21.4 0.1 0.1 8.7 0.5 0.4 0.01 0.03 0.01 2.9 20.3 2.5 520 460 300 42 116 31
COS-759861 6.69 0.03 0.03 -22.4 0.0 0.0 9.7 0.3 0.9 0.04 0.07 0.03 2.4 8.8 2.1 390 240 190 144 198 130
COS-788571 6.63 0.02 0.02 -21.5 0.1 0.1 8.5 0.4 0.4 0.01 0.02 0.00 21.7 76.4 20.8 1360 910 550 23 60 18
COS-857605 6.77 0.09 0.08 -21.3 0.1 0.1 9.3 0.4 0.6 0.23 0.07 0.08 1.6 8.4 1.3 310 290 190 70 199 55
COS-862541 6.72 0.04 0.04 -22.5 0.1 0.1 8.8 0.5 0.3 0.01 0.03 0.01 67.6 114.2 53.9 2250 880 610 25 192 21
COS-955126 6.70 0.05 0.04 -21.6 0.1 0.1 8.6 0.5 0.4 0.01 0.02 0.01 6.8 46.3 6.3 750 780 440 34 109 24
COS-1099982 6.67 0.03 0.02 -21.6 0.1 0.1 8.5 0.6 0.3 0.02 0.04 0.02 50.8 77.8 42.6 2130 730 460 28 211 23
COS-1136216 6.63 0.03 0.01 -21.8 0.1 0.1 8.5 0.7 0.3 0.01 0.03 0.01 9.1 61.7 8.5 920 390 370 11 183 6
COS-1224137 6.78 0.06 0.06 -22.3 0.1 0.1 9.1 0.7 0.5 0.17 0.06 0.06 3.9 28.6 3.5 370 190 140 23 140 16
COS-1235751 6.74 0.09 0.07 -21.3 0.1 0.1 9.6 0.4 0.8 0.33 0.07 0.07 1.5 7.7 1.2 300 250 180 78 229 66
XMM1-88011 6.71 0.07 0.06 -22.0 0.1 0.1 9.0 0.6 0.6 0.01 0.04 0.01 2.0 14.5 1.7 390 370 220 33 203 26
GN-3751 7.35 0.12 0.13 -21.8 0.1 0.1 8.6 0.6 0.3 0.01 0.03 0.01 4.9 39.5 4.4 780 500 360 19 79 12
GN-8480 6.96 0.23 0.23 -20.4 0.1 0.1 8.7 0.5 0.8 0.07 0.11 0.06 1.7 16.0 1.4 320 410 210 63 262 55
GN-19314 6.73 0.07 0.07 -20.4 0.1 0.1 8.1 0.8 0.4 0.01 0.05 0.01 5.5 32.1 5.0 870 570 420 19 181 13
GN-22985 6.60 0.50 0.21 -20.0 0.2 0.2 8.9 0.6 0.8 0.32 0.08 0.09 1.8 17.1 1.5 270 310 200 47 217 40
GN-26244 6.80 0.05 0.06 -20.5 0.1 0.1 8.3 1.0 0.4 0.03 0.09 0.02 6.5 62.6 6.0 940 620 480 11 272 6
GN-28450 6.50 0.11 0.11 -20.1 0.1 0.1 10.0 0.1 0.1 0.02 0.09 0.01 0.4 0.5 0.2 70 120 50 378 180 129
GN-29429 6.77 0.08 0.09 -20.9 0.1 0.1 10.1 0.1 0.3 0.09 0.21 0.07 0.5 1.1 0.3 150 210 100 340 233 163
GN-30721 6.78 0.04 0.04 -21.2 0.1 0.1 8.8 0.7 0.4 0.18 0.06 0.07 8.6 32.3 7.8 960 370 270 21 163 14
GN-33483 6.93 0.31 0.26 -20.2 0.2 0.2 8.9 0.6 0.9 0.17 0.11 0.13 1.4 12.1 1.1 290 360 190 52 347 45
GN-59366 6.79 0.08 0.07 -20.6 0.1 0.1 8.6 0.7 0.7 0.01 0.04 0.01 3.4 23.9 3.0 600 450 370 47 269 40
GN-61505 6.68 0.32 0.16 -20.2 0.1 0.1 8.3 0.6 0.6 0.02 0.07 0.02 2.4 20.1 2.1 380 340 240 41 193 31
GN-61545 6.77 0.04 0.06 -20.6 0.1 0.1 8.2 1.0 0.4 0.02 0.06 0.02 12.8 71.0 12.0 1220 710 440 13 282 9
GN-63408 7.22 0.13 0.12 -21.4 0.1 0.1 8.5 0.3 0.2 0.12 0.05 0.07 13.8 75.8 13.3 1500 770 550 8 16 3
GN-64262 6.67 0.09 0.08 -20.5 0.1 0.1 9.1 0.4 1.2 0.01 0.04 0.01 2.5 18.0 2.1 470 450 290 203 344 196
GN-66168 6.80 0.04 0.04 -21.9 0.0 0.0 8.9 1.0 0.5 0.12 0.06 0.06 2.5 16.4 2.0 370 150 120 17 336 12
GS-897 7.32 0.19 0.18 -20.3 0.1 0.1 8.0 0.6 0.3 0.01 0.04 0.01 7.3 56.9 6.6 810 670 430 20 95 14
GS-1656 6.94 0.12 0.12 -20.6 0.1 0.1 9.2 0.3 1.4 0.03 0.07 0.03 0.8 4.2 0.6 220 280 180 235 295 230
GS-9100 6.80 0.04 0.06 -20.8 0.1 0.1 8.3 0.5 0.3 0.12 0.08 0.10 23.5 102.8 22.4 1320 630 440 10 72 6
GS-27471 6.76 0.04 0.06 -20.5 0.1 0.1 8.3 0.5 0.3 0.03 0.09 0.03 63.9 113.2 58.0 1740 800 540 19 253 15
GS-28517 6.84 0.28 0.20 -20.5 0.1 0.1 8.9 0.4 1.1 0.03 0.08 0.03 2.2 18.7 1.9 360 470 260 122 311 115
GS-36090 6.82 0.24 0.23 -20.6 0.2 0.2 9.3 0.3 0.6 0.24 0.09 0.11 1.4 8.0 1.1 230 300 180 91 253 74
GS-42630 7.27 0.20 0.19 -21.0 0.1 0.1 8.6 0.4 0.4 0.01 0.03 0.01 3.7 23.7 3.2 380 410 220 42 96 29
