# 0 log10 SFR [M_sun yr^-1] 
# 1 Phi [# Mpc^-3 Dex^-1] 
-119.0000 2.4523e-04 
-118.7500 0.0000e+00 
-118.5000 0.0000e+00 
-118.2500 0.0000e+00 
-118.0000 0.0000e+00 
-117.7500 0.0000e+00 
-117.5000 0.0000e+00 
-117.2500 0.0000e+00 
-117.0000 0.0000e+00 
-116.7500 0.0000e+00 
-116.5000 0.0000e+00 
-116.2500 0.0000e+00 
-116.0000 0.0000e+00 
-115.7500 0.0000e+00 
-115.5000 0.0000e+00 
-115.2500 0.0000e+00 
-115.0000 0.0000e+00 
-114.7500 0.0000e+00 
-114.5000 0.0000e+00 
-114.2500 0.0000e+00 
-114.0000 0.0000e+00 
-113.7500 0.0000e+00 
-113.5000 0.0000e+00 
-113.2500 0.0000e+00 
-113.0000 0.0000e+00 
-112.7500 1.5912e-04 
-112.5000 0.0000e+00 
-112.2500 0.0000e+00 
-112.0000 0.0000e+00 
-111.7500 0.0000e+00 
-111.5000 0.0000e+00 
-111.2500 0.0000e+00 
-111.0000 0.0000e+00 
-110.7500 0.0000e+00 
-110.5000 0.0000e+00 
-110.2500 0.0000e+00 
-110.0000 0.0000e+00 
-109.7500 0.0000e+00 
-109.5000 0.0000e+00 
-109.2500 0.0000e+00 
-109.0000 0.0000e+00 
-108.7500 0.0000e+00 
-108.5000 0.0000e+00 
-108.2500 0.0000e+00 
-108.0000 0.0000e+00 
-107.7500 0.0000e+00 
-107.5000 0.0000e+00 
-107.2500 0.0000e+00 
-107.0000 0.0000e+00 
-106.7500 0.0000e+00 
-106.5000 0.0000e+00 
-106.2500 0.0000e+00 
-106.0000 0.0000e+00 
-105.7500 0.0000e+00 
-105.5000 0.0000e+00 
-105.2500 0.0000e+00 
-105.0000 0.0000e+00 
-104.7500 0.0000e+00 
-104.5000 0.0000e+00 
-104.2500 0.0000e+00 
-104.0000 0.0000e+00 
-103.7500 0.0000e+00 
-103.5000 0.0000e+00 
-103.2500 0.0000e+00 
-103.0000 0.0000e+00 
-102.7500 0.0000e+00 
-102.5000 0.0000e+00 
-102.2500 0.0000e+00 
-102.0000 0.0000e+00 
-101.7500 0.0000e+00 
-101.5000 0.0000e+00 
-101.2500 0.0000e+00 
-101.0000 0.0000e+00 
-100.7500 0.0000e+00 
-100.5000 0.0000e+00 
-100.2500 0.0000e+00 
-100.0000 0.0000e+00 
-99.7500 0.0000e+00 
-99.5000 0.0000e+00 
-99.2500 0.0000e+00 
-99.0000 0.0000e+00 
-98.7500 0.0000e+00 
-98.5000 0.0000e+00 
-98.2500 0.0000e+00 
-98.0000 0.0000e+00 
-97.7500 0.0000e+00 
-97.5000 0.0000e+00 
-97.2500 0.0000e+00 
-97.0000 0.0000e+00 
-96.7500 0.0000e+00 
-96.5000 0.0000e+00 
-96.2500 0.0000e+00 
-96.0000 0.0000e+00 
-95.7500 0.0000e+00 
-95.5000 0.0000e+00 
-95.2500 0.0000e+00 
-95.0000 0.0000e+00 
-94.7500 0.0000e+00 
-94.5000 0.0000e+00 
-94.2500 0.0000e+00 
-94.0000 0.0000e+00 
-93.7500 0.0000e+00 
-93.5000 0.0000e+00 
-93.2500 0.0000e+00 
-93.0000 0.0000e+00 
-92.7500 0.0000e+00 
-92.5000 0.0000e+00 
-92.2500 0.0000e+00 
-92.0000 0.0000e+00 
-91.7500 0.0000e+00 
-91.5000 0.0000e+00 
-91.2500 0.0000e+00 
-91.0000 9.1357e-05 
-90.7500 0.0000e+00 
-90.5000 8.1576e-05 
-90.2500 0.0000e+00 
-90.0000 0.0000e+00 
-89.7500 0.0000e+00 
-89.5000 0.0000e+00 
-89.2500 0.0000e+00 
-89.0000 0.0000e+00 
-88.7500 0.0000e+00 
-88.5000 0.0000e+00 
-88.2500 0.0000e+00 
-88.0000 0.0000e+00 
-87.7500 0.0000e+00 
-87.5000 0.0000e+00 
-87.2500 0.0000e+00 
-87.0000 0.0000e+00 
-86.7500 0.0000e+00 
-86.5000 4.0694e-05 
-86.2500 0.0000e+00 
-86.0000 0.0000e+00 
-85.7500 0.0000e+00 
-85.5000 0.0000e+00 
-85.2500 0.0000e+00 
-85.0000 0.0000e+00 
-84.7500 0.0000e+00 
-84.5000 0.0000e+00 
-84.2500 0.0000e+00 
-84.0000 0.0000e+00 
-83.7500 0.0000e+00 
-83.5000 0.0000e+00 
-83.2500 0.0000e+00 
-83.0000 0.0000e+00 
-82.7500 0.0000e+00 
-82.5000 0.0000e+00 
-82.2500 0.0000e+00 
-82.0000 0.0000e+00 
-81.7500 0.0000e+00 
-81.5000 0.0000e+00 
-81.2500 0.0000e+00 
-81.0000 0.0000e+00 
-80.7500 5.1493e-05 
-80.5000 6.4910e-05 
-80.2500 0.0000e+00 
-80.0000 0.0000e+00 
-79.7500 0.0000e+00 
-79.5000 0.0000e+00 
-79.2500 0.0000e+00 
-79.0000 0.0000e+00 
-78.7500 0.0000e+00 
-78.5000 0.0000e+00 
-78.2500 0.0000e+00 
-78.0000 0.0000e+00 
-77.7500 0.0000e+00 
-77.5000 0.0000e+00 
-77.2500 0.0000e+00 
-77.0000 0.0000e+00 
-76.7500 0.0000e+00 
-76.5000 0.0000e+00 
-76.2500 1.1428e-04 
-76.0000 0.0000e+00 
-75.7500 0.0000e+00 
-75.5000 0.0000e+00 
-75.2500 0.0000e+00 
-75.0000 0.0000e+00 
-74.7500 0.0000e+00 
-74.5000 4.2717e-08 
-74.2500 0.0000e+00 
-74.0000 0.0000e+00 
-73.7500 1.5796e-08 
-73.5000 0.0000e+00 
-73.2500 0.0000e+00 
-73.0000 0.0000e+00 
-72.7500 0.0000e+00 
-72.5000 0.0000e+00 
-72.2500 4.2717e-08 
-72.0000 0.0000e+00 
-71.7500 0.0000e+00 
-71.5000 0.0000e+00 
-71.2500 2.8385e-05 
-71.0000 0.0000e+00 
-70.7500 0.0000e+00 
-70.5000 0.0000e+00 
-70.2500 0.0000e+00 
-70.0000 0.0000e+00 
-69.7500 0.0000e+00 
-69.5000 0.0000e+00 
-69.2500 0.0000e+00 
-69.0000 0.0000e+00 
-68.7500 0.0000e+00 
-68.5000 0.0000e+00 
-68.2500 0.0000e+00 
-68.0000 0.0000e+00 
-67.7500 7.2806e-05 
-67.5000 3.2036e-05 
-67.2500 0.0000e+00 
-67.0000 0.0000e+00 
-66.7500 6.9046e-06 
-66.5000 0.0000e+00 
-66.2500 0.0000e+00 
-66.0000 0.0000e+00 
-65.7500 0.0000e+00 
-65.5000 0.0000e+00 
-65.2500 0.0000e+00 
-65.0000 1.7349e-04 
-64.7500 0.0000e+00 
-64.5000 0.0000e+00 
-64.2500 0.0000e+00 
-64.0000 0.0000e+00 
-63.7500 0.0000e+00 
-63.5000 0.0000e+00 
-63.2500 5.9128e-07 
-63.0000 0.0000e+00 
-62.7500 0.0000e+00 
-62.5000 0.0000e+00 
-62.2500 0.0000e+00 
-62.0000 0.0000e+00 
-61.7500 0.0000e+00 
-61.5000 3.4416e-07 
-61.2500 0.0000e+00 
-61.0000 1.7289e-05 
-60.7500 0.0000e+00 
-60.5000 9.0403e-06 
-60.2500 0.0000e+00 
-60.0000 0.0000e+00 
-59.7500 1.2770e-04 
-59.5000 0.0000e+00 
-59.2500 0.0000e+00 
-59.0000 0.0000e+00 
-58.7500 6.4910e-05 
-58.5000 2.0464e-08 
-58.2500 5.2365e-06 
-58.0000 0.0000e+00 
-57.7500 0.0000e+00 
-57.5000 9.1357e-05 
-57.2500 0.0000e+00 
-57.0000 0.0000e+00 
-56.7500 0.0000e+00 
-56.5000 0.0000e+00 
-56.2500 1.1767e-05 
-56.0000 2.8525e-07 
-55.7500 9.0403e-06 
-55.5000 0.0000e+00 
-55.2500 0.0000e+00 
-55.0000 1.2101e-08 
-54.7500 0.0000e+00 
-54.5000 2.8385e-05 
-54.2500 1.5832e-07 
-54.0000 3.2120e-05 
-53.7500 1.5230e-05 
-53.5000 0.0000e+00 
-53.2500 0.0000e+00 
-53.0000 0.0000e+00 
-52.7500 0.0000e+00 
-52.5000 0.0000e+00 
-52.2500 1.5912e-04 
-52.0000 0.0000e+00 
-51.7500 0.0000e+00 
-51.5000 1.0323e-05 
-51.2500 0.0000e+00 
-51.0000 0.0000e+00 
-50.7500 0.0000e+00 
-50.5000 4.5791e-05 
-50.2500 1.2770e-04 
-50.0000 0.0000e+00 
-49.7500 1.7412e-07 
-49.5000 0.0000e+00 
-49.2500 2.3547e-07 
-49.0000 0.0000e+00 
-48.7500 0.0000e+00 
-48.5000 0.0000e+00 
-48.2500 0.0000e+00 
-48.0000 3.3641e-08 
-47.7500 1.1427e-04 
-47.5000 0.0000e+00 
-47.2500 0.0000e+00 
-47.0000 1.2101e-08 
-46.7500 0.0000e+00 
-46.5000 0.0000e+00 
-46.2500 1.7289e-05 
-46.0000 0.0000e+00 
-45.7500 2.2205e-05 
-45.5000 1.3394e-05 
-45.2500 0.0000e+00 
-45.0000 0.0000e+00 
-44.7500 0.0000e+00 
-44.5000 0.0000e+00 
-44.2500 0.0000e+00 
-44.0000 1.3680e-05 
-43.7500 6.7546e-08 
-43.5000 3.2797e-07 
-43.2500 0.0000e+00 
-43.0000 0.0000e+00 
-42.7500 0.0000e+00 
-42.5000 0.0000e+00 
-42.2500 0.0000e+00 
-42.0000 0.0000e+00 
-41.7500 2.7898e-08 
-41.5000 0.0000e+00 
-41.2500 0.0000e+00 
-41.0000 0.0000e+00 
-40.7500 0.0000e+00 
-40.5000 0.0000e+00 
-40.2500 3.8588e-06 
-40.0000 0.0000e+00 
-39.7500 0.0000e+00 
-39.5000 0.0000e+00 
-39.2500 0.0000e+00 
-39.0000 0.0000e+00 
-38.7500 0.0000e+00 
-38.5000 2.6336e-08 
-38.2500 4.0694e-05 
-38.0000 0.0000e+00 
-37.7500 0.0000e+00 
-37.5000 1.3394e-05 
-37.2500 8.4255e-08 
-37.0000 0.0000e+00 
-36.7500 4.5791e-05 
-36.5000 3.2194e-05 
-36.2500 4.6203e-04 
-36.0000 1.5912e-04 
-35.7500 1.5832e-07 
-35.5000 1.9346e-07 
-35.2500 4.4770e-05 
-35.0000 0.0000e+00 
-34.7500 5.9128e-07 
-34.5000 1.7289e-05 
-34.2500 5.8513e-08 
-34.0000 0.0000e+00 
-33.7500 1.0221e-04 
-33.5000 1.2101e-08 
-33.2500 0.0000e+00 
-33.0000 0.0000e+00 
-32.7500 0.0000e+00 
-32.5000 0.0000e+00 
-32.2500 1.8914e-04 
-32.0000 6.0534e-05 
-31.7500 0.0000e+00 
-31.5000 1.0323e-05 
-31.2500 1.0380e-04 
-31.0000 0.0000e+00 
-30.7500 1.5048e-04 
-30.5000 0.0000e+00 
-30.2500 0.0000e+00 
-30.0000 5.7839e-05 
-29.7500 0.0000e+00 
-29.5000 3.3641e-08 
-29.2500 1.2101e-08 
-29.0000 1.7997e-04 
-28.7500 2.6336e-08 
-28.5000 1.3394e-05 
-28.2500 1.5796e-08 
-28.0000 0.0000e+00 
-27.7500 0.0000e+00 
-27.5000 0.0000e+00 
-27.2500 3.9424e-06 
-27.0000 1.2101e-08 
-26.7500 3.7045e-06 
-26.5000 1.0270e-04 
-26.2500 0.0000e+00 
-26.0000 1.0472e-07 
-25.7500 9.8583e-07 
-25.5000 2.8540e-05 
-25.2500 3.8941e-05 
-25.0000 0.0000e+00 
-24.7500 7.0109e-07 
-24.5000 0.0000e+00 
-24.2500 7.3356e-05 
-24.0000 4.2717e-08 
-23.7500 1.9346e-07 
-23.5000 0.0000e+00 
-23.2500 4.5791e-05 
-23.0000 2.0464e-08 
-22.7500 0.0000e+00 
-22.5000 4.9552e-07 
-22.2500 4.1382e-07 
-22.0000 3.2036e-05 
-21.7500 0.0000e+00 
-21.5000 0.0000e+00 
-21.2500 1.7293e-04 
-21.0000 1.1767e-05 
-20.7500 2.5373e-06 
-20.5000 9.5339e-05 
-20.2500 4.0694e-05 
-20.0000 3.7555e-06 
-19.7500 1.2889e-07 
-19.5000 1.3649e-06 
-19.2500 0.0000e+00 
-19.0000 5.3875e-08 
-18.7500 8.6751e-07 
-18.5000 3.4416e-07 
-18.2500 0.0000e+00 
-18.0000 0.0000e+00 
-17.7500 0.0000e+00 
-17.5000 1.5796e-08 
-17.2500 1.5796e-08 
-17.0000 0.0000e+00 
-16.7500 2.3367e-05 
-16.5000 6.9046e-06 
-16.2500 6.9046e-06 
-16.0000 8.1705e-05 
-15.7500 1.9815e-04 
-15.5000 2.6336e-08 
-15.2500 1.7228e-05 
-15.0000 3.6214e-05 
-14.7500 1.1059e-07 
-14.5000 4.0832e-05 
-14.2500 0.0000e+00 
-14.0000 1.5230e-05 
-13.7500 0.0000e+00 
-13.5000 0.0000e+00 
-13.2500 1.5912e-04 
-13.0000 7.3092e-05 
-12.7500 1.9115e-04 
-12.5000 3.6130e-05 
-12.2500 1.7870e-04 
-12.0000 4.7156e-05 
-11.7500 0.0000e+00 
-11.5000 2.5116e-05 
-11.2500 1.3394e-05 
-11.0000 1.2889e-07 
-10.7500 1.2101e-08 
-10.5000 5.1493e-05 
-10.2500 1.2101e-08 
-10.0000 0.0000e+00 
-9.7500 1.3989e-03 
-9.5000 7.5302e-03 
-9.2500 5.1455e-04 
-9.0000 0.0000e+00 
-8.7500 1.2806e-03 
-8.5000 2.9200e-03 
-8.2500 4.3691e-03 
-8.0000 1.2713e-02 
-7.7500 3.4464e-02 
-7.5000 6.0007e-02 
-7.2500 9.4665e-02 
-7.0000 2.1590e-01 
-6.7500 2.6243e-01 
-6.5000 3.4579e-01 
-6.2500 6.0622e-01 
-6.0000 6.4559e-01 
-5.7500 7.4254e-01 
-5.5000 8.9473e-01 
-5.2500 1.0097e+00 
-5.0000 9.9767e-01 
-4.7500 1.0575e+00 
-4.5000 1.1808e+00 
-4.2500 1.5218e+00 
-4.0000 1.4995e+00 
-3.7500 1.3436e+00 
-3.5000 1.1256e+00 
-3.2500 8.8397e-01 
-3.0000 7.1323e-01 
-2.7500 5.3848e-01 
-2.5000 4.5889e-01 
-2.2500 2.8860e-01 
-2.0000 2.2990e-01 
-1.7500 1.8293e-01 
-1.5000 1.2793e-01 
-1.2500 8.3660e-02 
-1.0000 6.1740e-02 
-0.7500 4.4984e-02 
-0.5000 2.9964e-02 
-0.2500 2.1952e-02 
0.0000 1.4294e-02 
0.2500 9.4618e-03 
0.5000 6.4921e-03 
0.7500 5.0869e-03 
1.0000 3.0769e-03 
1.2500 2.3713e-03 
1.5000 1.5088e-03 
1.7500 8.3648e-04 
2.0000 5.1195e-04 
2.2500 1.6246e-04 
2.5000 1.1402e-05 
2.7500 1.4988e-07 
