# log Stellar Mass (Msun), log Gas Metallicity - median, log Gas Metallicity - 16 percentile, log Gas Metallicity - 84 percentile
5.75 -3.3738411622314457 -3.640754609002604 -3.178015176837066
6.050000000000001 -3.2088325680495817 -3.4810683955784136 -3.001451356740308
6.35 -3.078310701986237 -3.350072636678239 -2.8509446839374473
6.65 -3.0163760235638124 -3.272431611889793 -2.7786796373505163
6.949999999999999 -2.958212932940061 -3.190643129024066 -2.741219601403473
7.25 -2.871175859729616 -3.084720658811397 -2.67936212251679
7.55 -2.773289233859896 -2.982470883696541 -2.5939333659680073
7.85 -2.661992628989829 -2.865705241469451 -2.495051368552008
8.15 -2.563585807974679 -2.7722479028947546 -2.412996739844995
8.45 -2.4693868175551104 -2.6660960538211835 -2.328948303760799
8.75 -2.4019053440036484 -2.5935512449766676 -2.283188496581385
9.05 -2.308287580395757 -2.495688880601398 -2.1995553979617704
9.35 -2.176672538188921 -2.3293052081435937 -2.063147863066594
9.65 -2.0281628163579466 -2.1509909697804908 -1.9332878760450045
9.95 -1.8793909740775754 -1.99938188789186 -1.7600638624679712
10.25 -1.741841188801693 -1.8578540910828147 -1.6922971395174227
10.549999999999999 -1.994948320133883 -2.141540106542746 -1.9025711030720407
