# log Stellar Mass (Msun), log Gas Metallicity - median, log Gas Metallicity - 16 percentile, log Gas Metallicity - 84 percentile
5.75 -3.363647824690841 -3.613201039082004 -3.178611668486434
6.050000000000001 -3.174417133134649 -3.436268814549141 -2.976896400348691
6.35 -3.023859329219324 -3.2883872080946337 -2.8082841147586013
6.65 -2.9561921535909086 -3.2183489663095948 -2.7179371499539746
6.949999999999999 -2.9288824768293122 -3.1592671691779963 -2.7164114731587747
7.25 -2.872044100482619 -3.0802994253332856 -2.6810128828744717
7.55 -2.7814338310822735 -2.979810688845902 -2.606698970754042
7.85 -2.68532357312864 -2.89187198498671 -2.525414420171777
8.15 -2.5841733092794357 -2.787014894845856 -2.4333882780257796
8.45 -2.490329785052633 -2.7028234971624645 -2.3594997597799505
8.75 -2.4038853295899827 -2.6043862233522344 -2.2956594957171097
9.05 -2.3139644423964296 -2.4893021441911474 -2.2206421782955506
9.35 -2.184652966780976 -2.3332102803972306 -2.1082451617997338
9.65 -1.998835813080497 -2.0568942458127815 -1.9309866941093317
9.95 -1.857443198939756 -1.9159904886284802 -1.820919221680707
10.25 -1.776772994708141 -1.7992633941593168 -1.7503685103766595
