# log Stellar Mass (Msun), log Gas Metallicity - median, log Gas Metallicity - 16 percentile, log Gas Metallicity - 84 percentile
5.75 -3.3521427855742627 -3.5960606379142934 -3.174989031133643
6.050000000000001 -3.1607916796572875 -3.411586576827731 -2.9684120682450743
6.35 -2.989299439352952 -3.243815552422304 -2.785896428276233
6.65 -2.9023240434083886 -3.163626514420753 -2.668376891181229
6.949999999999999 -2.89544853471131 -3.127628076484683 -2.6787111713700305
7.25 -2.864905934762017 -3.0615849794779466 -2.6768373859976826
7.55 -2.793633482103046 -2.9892602340682215 -2.6241573894440258
7.85 -2.7195000934216025 -2.9095906161233476 -2.548479227290443
8.15 -2.6032110701834483 -2.820629233750604 -2.45464342778161
8.45 -2.5263956040558333 -2.7565396024596795 -2.3999413926461823
8.75 -2.460450522295251 -2.6159367352240115 -2.3079327053501686
9.05 -2.3003072692564093 -2.497304688216807 -2.2230115187496904
9.35 -2.0980768314649665 -2.1886911172023225 -2.028395006410763
9.65 -2.0104370289396423 -2.089400363415636 -1.996028967827169
9.95 -1.9114488229876296 -1.9217873740034523 -1.8999557504857152
