# log Stellar Mass (Msun), log Gas Metallicity - median, log Gas Metallicity - 16 percentile, log Gas Metallicity - 84 percentile
5.75 -3.347017736470453 -3.5672779169567796 -3.1781600126528677
6.050000000000001 -3.1558669451672383 -3.402316304602445 -2.969376878367283
6.35 -2.9731542445395385 -3.215249249017819 -2.777702428377145
6.65 -2.8594930400650194 -3.1171241285493068 -2.6417732283763717
6.949999999999999 -2.863860890420968 -3.09712425722667 -2.653654623327114
7.25 -2.8542880591103006 -3.0543034908550855 -2.6736119598154433
7.55 -2.805636863701902 -3.0122979343925627 -2.628431079313539
7.85 -2.7428390264271325 -2.9192541269043293 -2.559794991018154
8.15 -2.621141597984827 -2.82238453934507 -2.493423409269889
8.45 -2.569129217887283 -2.755380192632518 -2.410324310778291
8.75 -2.4130138040599354 -2.548347649989203 -2.292404434134057
9.05 -2.2635804243221798 -2.4505484911431115 -2.201070111218237
9.35 -2.4315182042224275 -2.5799817262679117 -2.2830546821769433
