#Observed UV luminosities (including dust) are M_1500 [AB].
#Note: Dust corrections are uncalibrated at z<4, so UV luminosities may be incorrect.
#Number densities are in comoving Mpc^-3 mag^-1.
#UV_Center Number_Density Err+ Err- UV_Min UV_Max
-23.975 0 1.24564e-21 0 -24 -23.95
-23.925 0 8.59686e-21 0 -23.95 -23.9
-23.875 0 5.59791e-20 0 -23.9 -23.85
-23.825 0 3.42544e-19 0 -23.85 -23.8
-23.775 0 1.96952e-18 0 -23.8 -23.75
-23.725 0 1.06411e-17 0 -23.75 -23.7
-23.675 0 5.40256e-17 0 -23.7 -23.65
-23.625 0 2.57752e-16 0 -23.65 -23.6
-23.575 0 1.15557e-15 0 -23.6 -23.55
-23.525 0 4.86831e-15 0 -23.55 -23.5
-23.475 0 1.92732e-14 0 -23.5 -23.45
-23.425 0 7.1701e-14 0 -23.45 -23.4
-23.375 0 2.50663e-13 0 -23.4 -23.35
-23.325 0 8.23475e-13 0 -23.35 -23.3
-23.275 0 2.54219e-12 0 -23.3 -23.25
-23.225 0 7.37501e-12 0 -23.25 -23.2
-23.175 1.13403e-23 2.01056e-11 1.13403e-23 -23.2 -23.15
-23.125 1.00707e-22 5.15074e-11 1.00707e-22 -23.15 -23.1
-23.075 7.50651e-22 1.24001e-10 7.50651e-22 -23.1 -23.05
-23.025 5.22053e-21 2.8053e-10 5.22053e-21 -23.05 -23
-22.975 3.46416e-20 5.964e-10 3.46416e-20 -23 -22.95
-22.925 2.15416e-19 1.19152e-09 2.15416e-19 -22.95 -22.9
-22.875 1.25883e-18 2.23702e-09 1.25883e-18 -22.9 -22.85
-22.825 6.91367e-18 3.94685e-09 6.91367e-18 -22.85 -22.8
-22.775 3.56867e-17 6.5441e-09 3.56867e-17 -22.8 -22.75
-22.725 1.73129e-16 1.01972e-08 1.73129e-16 -22.75 -22.7
-22.675 7.89435e-16 1.49339e-08 7.89435e-16 -22.7 -22.65
-22.625 3.38357e-15 2.05582e-08 3.38357e-15 -22.65 -22.6
-22.575 1.36325e-14 2.61528e-08 1.36325e-14 -22.6 -22.55
-22.525 5.16369e-14 3.17603e-08 5.16368e-14 -22.55 -22.5
-22.475 1.83899e-13 3.63775e-08 1.83899e-13 -22.5 -22.45
-22.425 6.15884e-13 3.82832e-08 6.15883e-13 -22.45 -22.4
-22.375 1.94002e-12 4.14221e-08 1.94001e-12 -22.4 -22.35
-22.325 5.74924e-12 4.41702e-08 5.74921e-12 -22.35 -22.3
-22.275 1.60345e-11 5.06489e-08 1.60343e-11 -22.3 -22.25
-22.225 4.21042e-11 5.52219e-08 4.21035e-11 -22.25 -22.2
-22.175 1.04151e-10 6.08981e-08 1.04147e-10 -22.2 -22.15
-22.125 2.42872e-10 6.7347e-08 2.42859e-10 -22.15 -22.1
-22.075 5.34414e-10 8.15851e-08 5.34362e-10 -22.1 -22.05
-22.025 1.11094e-09 9.09491e-08 1.11075e-09 -22.05 -22
-21.975 2.18523e-09 1.06076e-07 2.18457e-09 -22 -21.95
-21.925 4.07542e-09 1.23062e-07 4.07326e-09 -21.95 -21.9
-21.875 7.2248e-09 1.40041e-07 7.2182e-09 -21.9 -21.85
-21.825 1.22136e-08 1.58588e-07 1.21946e-08 -21.85 -21.8
-21.775 1.97658e-08 1.76732e-07 1.97146e-08 -21.8 -21.75
-21.725 3.07631e-08 1.92756e-07 3.06326e-08 -21.75 -21.7
-21.675 4.62832e-08 2.06953e-07 4.59703e-08 -21.7 -21.65
-21.625 6.76791e-08 2.18923e-07 6.69713e-08 -21.65 -21.6
-21.575 9.66954e-08 2.28726e-07 9.51845e-08 -21.6 -21.55
-21.525 1.35599e-07 2.39209e-07 1.325e-07 -21.55 -21.5
-21.475 1.87274e-07 2.48627e-07 1.80888e-07 -21.5 -21.45
-21.425 2.55231e-07 2.54143e-07 2.42811e-07 -21.45 -21.4
-21.375 3.43492e-07 2.60947e-07 3.22788e-07 -21.4 -21.35
-21.325 4.56385e-07 2.66484e-07 4.2289e-07 -21.35 -21.3
-21.275 5.9827e-07 2.7196e-07 5.37125e-07 -21.3 -21.25
-21.225 7.73317e-07 2.93021e-07 6.83533e-07 -21.25 -21.2
-21.175 9.85354e-07 3.24688e-07 8.55188e-07 -21.2 -21.15
-21.125 1.23781e-06 3.09512e-07 1.0508e-06 -21.15 -21.1
-21.075 1.53364e-06 3.324e-07 1.26688e-06 -21.1 -21.05
-21.025 1.87515e-06 3.56853e-07 1.51278e-06 -21.05 -21
-20.975 2.26359e-06 3.36631e-07 1.78497e-06 -21 -20.95
-20.925 2.69863e-06 3.22649e-07 2.0523e-06 -20.95 -20.9
-20.875 3.178e-06 2.63269e-07 2.36134e-06 -20.9 -20.85
-20.825 3.69757e-06 3.2577e-07 2.66457e-06 -20.85 -20.8
-20.775 4.25233e-06 3.3429e-07 2.96848e-06 -20.8 -20.75
-20.725 4.83808e-06 2.33758e-07 3.30138e-06 -20.75 -20.7
-20.675 5.45372e-06 1.92423e-07 3.54449e-06 -20.7 -20.65
-20.625 6.10324e-06 2.12419e-07 3.82648e-06 -20.65 -20.6
-20.575 6.7966e-06 4.57693e-07 4.11705e-06 -20.6 -20.55
-20.525 7.54926e-06 6.15568e-07 4.34253e-06 -20.55 -20.5
-20.475 8.38014e-06 8.51051e-07 4.61056e-06 -20.5 -20.45
-20.425 9.30908e-06 1.17329e-06 5.07678e-06 -20.45 -20.4
-20.375 1.03545e-05 1.46154e-06 5.55824e-06 -20.4 -20.35
-20.325 1.1532e-05 1.99872e-06 6.21545e-06 -20.35 -20.3
-20.275 1.28546e-05 2.32046e-06 6.90122e-06 -20.3 -20.25
-20.225 1.43325e-05 2.82243e-06 7.63916e-06 -20.25 -20.2
-20.175 1.59741e-05 3.34324e-06 8.51994e-06 -20.2 -20.15
-20.125 1.77852e-05 3.63817e-06 9.41361e-06 -20.15 -20.1
-20.075 1.97694e-05 4.21105e-06 1.04503e-05 -20.1 -20.05
-20.025 2.19285e-05 5.46782e-06 1.14884e-05 -20.05 -20
-19.975 2.4264e-05 6.85032e-06 1.2606e-05 -20 -19.95
-19.925 2.67804e-05 7.49436e-06 1.38309e-05 -19.95 -19.9
-19.875 2.94872e-05 8.90395e-06 1.49149e-05 -19.9 -19.85
-19.825 3.24002e-05 1.04863e-05 1.63536e-05 -19.85 -19.8
-19.775 3.55412e-05 1.27011e-05 1.77637e-05 -19.8 -19.75
-19.725 3.89355e-05 1.51382e-05 1.93322e-05 -19.75 -19.7
-19.675 4.26088e-05 1.78059e-05 2.09542e-05 -19.7 -19.65
-19.625 4.6583e-05 2.03956e-05 2.30274e-05 -19.65 -19.6
-19.575 5.08723e-05 2.29671e-05 2.47203e-05 -19.6 -19.55
-19.525 5.54805e-05 2.5657e-05 2.6973e-05 -19.55 -19.5
-19.475 6.03997e-05 2.8563e-05 2.90897e-05 -19.5 -19.45
-19.425 6.5614e-05 3.51612e-05 3.13146e-05 -19.45 -19.4
-19.375 7.11075e-05 3.87669e-05 3.4079e-05 -19.4 -19.35
-19.325 7.68765e-05 4.33727e-05 3.64086e-05 -19.35 -19.3
-19.275 8.29413e-05 4.8019e-05 3.9084e-05 -19.3 -19.25
-19.225 8.9355e-05 5.42183e-05 4.28518e-05 -19.25 -19.2
-19.175 9.62018e-05 5.97374e-05 4.57311e-05 -19.2 -19.15
-19.125 0.000103588 6.3936e-05 4.80686e-05 -19.15 -19.1
-19.075 0.000111622 7.19908e-05 5.17339e-05 -19.1 -19.05
-19.025 0.000120399 7.80053e-05 5.60384e-05 -19.05 -19
-18.975 0.00012998 8.41803e-05 6.16024e-05 -19 -18.95
-18.925 0.000140383 9.12649e-05 6.64562e-05 -18.95 -18.9
-18.875 0.000151587 9.83358e-05 7.24762e-05 -18.9 -18.85
-18.825 0.000163533 0.000106147 7.87154e-05 -18.85 -18.8
-18.775 0.00017615 0.000114101 8.54736e-05 -18.8 -18.75
-18.725 0.000189366 0.000120819 9.21234e-05 -18.75 -18.7
-18.675 0.000203135 0.000129088 9.84653e-05 -18.7 -18.65
-18.625 0.000217455 0.000136183 0.000104567 -18.65 -18.6
-18.575 0.000232366 0.000147189 0.000110477 -18.6 -18.55
-18.525 0.00024796 0.000158062 0.000116238 -18.55 -18.5
-18.475 0.000264355 0.000172453 0.00012433 -18.5 -18.45
-18.425 0.000281683 0.000187664 0.000132219 -18.45 -18.4
-18.375 0.000300065 0.00020533 0.000140378 -18.4 -18.35
-18.325 0.000319595 0.000219823 0.000147185 -18.35 -18.3
-18.275 0.000340326 0.000236459 0.000157268 -18.3 -18.25
-18.225 0.000362273 0.000252851 0.000168096 -18.25 -18.2
-18.175 0.000385415 0.000270542 0.000178825 -18.2 -18.15
-18.125 0.000409711 0.000288074 0.000188512 -18.15 -18.1
-18.075 0.000435113 0.000305798 0.000198497 -18.1 -18.05
-18.025 0.000461584 0.000316988 0.000209838 -18.05 -18
-17.975 0.000489102 0.000325376 0.000222105 -18 -17.95
-17.925 0.000517658 0.000330006 0.000233065 -17.95 -17.9
-17.875 0.000547246 0.000346784 0.000244843 -17.9 -17.85
-17.825 0.000577851 0.000356818 0.00025614 -17.85 -17.8
-17.775 0.000609441 0.000370869 0.000268132 -17.8 -17.75
-17.725 0.000641963 0.000394958 0.000282733 -17.75 -17.7
-17.675 0.000675348 0.000419015 0.000297815 -17.7 -17.65
-17.625 0.000709514 0.000433246 0.000313156 -17.65 -17.6
-17.575 0.000744365 0.000432937 0.000328567 -17.6 -17.55
-17.525 0.000779783 0.000430265 0.00034198 -17.55 -17.5
-17.475 0.000815626 0.000440428 0.000353903 -17.5 -17.45
-17.425 0.000851719 0.000439058 0.000368425 -17.45 -17.4
-17.375 0.000887884 0.000433759 0.000380526 -17.4 -17.35
-17.325 0.000923955 0.000428895 0.000391532 -17.35 -17.3
-17.275 0.000959811 0.000438299 0.000401761 -17.3 -17.25
-17.225 0.000995401 0.000437713 0.000411268 -17.25 -17.2
-17.175 0.00103074 0.000446283 0.000420121 -17.2 -17.15
-17.125 0.00106591 0.000444803 0.00042837 -17.15 -17.1
-17.075 0.001101 0.000447858 0.000439637 -17.1 -17.05
-17.025 0.00113607 0.000452695 0.000443088 -17.05 -17
-16.975 0.00117116 0.00044069 0.000449509 -17 -16.95
-16.925 0.00120622 0.000457474 0.000454977 -16.95 -16.9
