#Observed UV luminosities (including dust) are M_1500 [AB].
#Note: Dust corrections are uncalibrated at z<4, so UV luminosities may be incorrect.
#Number densities are in comoving Mpc^-3 mag^-1.
#UV_Center Number_Density Err+ Err- UV_Min UV_Max
-23.975 0 0 0 -24 -23.95
-23.925 0 0 0 -23.95 -23.9
-23.875 0 0 0 -23.9 -23.85
-23.825 0 0 0 -23.85 -23.8
-23.775 0 0 0 -23.8 -23.75
-23.725 0 0 0 -23.75 -23.7
-23.675 0 0 0 -23.7 -23.65
-23.625 0 0 0 -23.65 -23.6
-23.575 0 0 0 -23.6 -23.55
-23.525 0 0 0 -23.55 -23.5
-23.475 0 0 0 -23.5 -23.45
-23.425 0 0 0 -23.45 -23.4
-23.375 0 0 0 -23.4 -23.35
-23.325 0 0 0 -23.35 -23.3
-23.275 0 0 0 -23.3 -23.25
-23.225 0 0 0 -23.25 -23.2
-23.175 0 0 0 -23.2 -23.15
-23.125 0 0 0 -23.15 -23.1
-23.075 0 0 0 -23.1 -23.05
-23.025 0 0 0 -23.05 -23
-22.975 0 0 0 -23 -22.95
-22.925 0 0 0 -22.95 -22.9
-22.875 0 0 0 -22.9 -22.85
-22.825 0 0 0 -22.85 -22.8
-22.775 0 0 0 -22.8 -22.75
-22.725 0 0 0 -22.75 -22.7
-22.675 0 0 0 -22.7 -22.65
-22.625 0 0 0 -22.65 -22.6
-22.575 0 0 0 -22.6 -22.55
-22.525 0 0 0 -22.55 -22.5
-22.475 0 0 0 -22.5 -22.45
-22.425 0 0 0 -22.45 -22.4
-22.375 0 0 0 -22.4 -22.35
-22.325 0 0 0 -22.35 -22.3
-22.275 0 6.88143e-23 0 -22.3 -22.25
-22.225 0 4.40996e-22 0 -22.25 -22.2
-22.175 0 3.17348e-21 0 -22.2 -22.15
-22.125 0 2.15892e-20 0 -22.15 -22.1
-22.075 0 1.37711e-19 0 -22.1 -22.05
-22.025 0 8.25828e-19 0 -22.05 -22
-21.975 0 4.65804e-18 0 -22 -21.95
-21.925 0 2.47101e-17 0 -21.95 -21.9
-21.875 0 1.23298e-16 0 -21.9 -21.85
-21.825 0 5.78755e-16 0 -21.85 -21.8
-21.775 0 2.5559e-15 0 -21.8 -21.75
-21.725 0 1.06209e-14 0 -21.75 -21.7
-21.675 0 4.15355e-14 0 -21.7 -21.65
-21.625 0 1.52895e-13 0 -21.65 -21.6
-21.575 0 5.2988e-13 0 -21.6 -21.55
-21.525 0 1.72931e-12 0 -21.55 -21.5
-21.475 0 5.31624e-12 0 -21.5 -21.45
-21.425 0 1.53998e-11 0 -21.45 -21.4
-21.375 0 4.20506e-11 0 -21.4 -21.35
-21.325 0 1.08288e-10 0 -21.35 -21.3
-21.275 0 2.63137e-10 0 -21.3 -21.25
-21.225 0 6.03764e-10 0 -21.25 -21.2
-21.175 0 1.30694e-09 0 -21.2 -21.15
-21.125 0 2.43206e-09 0 -21.15 -21.1
-21.075 0 4.25312e-09 0 -21.1 -21.05
-21.025 0 6.98965e-09 0 -21.05 -21
-20.975 0 1.0795e-08 0 -21 -20.95
-20.925 0 1.5668e-08 0 -20.95 -20.9
-20.875 0 2.13723e-08 0 -20.9 -20.85
-20.825 0 2.642e-08 0 -20.85 -20.8
-20.775 0 3.30263e-08 0 -20.8 -20.75
-20.725 0 3.85496e-08 0 -20.75 -20.7
-20.675 0 4.60786e-08 0 -20.7 -20.65
-20.625 0 6.7981e-08 0 -20.65 -20.6
-20.575 8.84615e-23 9.54463e-08 8.84615e-23 -20.6 -20.55
-20.525 6.80418e-22 1.24189e-07 6.80418e-22 -20.55 -20.5
-20.475 4.73434e-21 1.58899e-07 4.73434e-21 -20.5 -20.45
-20.425 3.17717e-20 2.00965e-07 3.17717e-20 -20.45 -20.4
-20.375 2.00807e-19 2.9777e-07 2.00807e-19 -20.4 -20.35
-20.325 1.19258e-18 3.29329e-07 1.19258e-18 -20.35 -20.3
-20.275 6.65844e-18 4.02369e-07 6.65844e-18 -20.3 -20.25
-20.225 3.49525e-17 4.99722e-07 3.49525e-17 -20.25 -20.2
-20.175 1.72509e-16 5.95402e-07 1.72509e-16 -20.2 -20.15
-20.125 8.00549e-16 7.42521e-07 8.00549e-16 -20.15 -20.1
-20.075 3.49323e-15 7.92783e-07 3.49323e-15 -20.1 -20.05
-20.025 1.43333e-14 8.35157e-07 1.43333e-14 -20.05 -20
-19.975 5.53062e-14 9.69553e-07 5.53062e-14 -20 -19.95
-19.925 2.00693e-13 1.15685e-06 2.00693e-13 -19.95 -19.9
-19.875 6.84949e-13 1.26891e-06 6.84949e-13 -19.9 -19.85
-19.825 2.19882e-12 1.35038e-06 2.19882e-12 -19.85 -19.8
-19.775 6.64016e-12 1.44887e-06 6.64016e-12 -19.8 -19.75
-19.725 1.88663e-11 1.6027e-06 1.88663e-11 -19.75 -19.7
-19.675 5.0443e-11 1.85663e-06 5.0443e-11 -19.7 -19.65
-19.625 1.26948e-10 2.08093e-06 1.26948e-10 -19.65 -19.6
-19.575 3.00818e-10 2.3619e-06 3.00818e-10 -19.6 -19.55
-19.525 6.71465e-10 2.69906e-06 6.71465e-10 -19.55 -19.5
-19.475 1.41266e-09 2.84841e-06 1.41266e-09 -19.5 -19.45
-19.425 2.80335e-09 3.17912e-06 2.80335e-09 -19.45 -19.4
-19.375 5.25286e-09 3.47392e-06 5.25286e-09 -19.4 -19.35
-19.325 9.30657e-09 3.70398e-06 9.30657e-09 -19.35 -19.3
-19.275 1.56189e-08 4.06116e-06 1.56189e-08 -19.3 -19.25
-19.225 2.48897e-08 4.32747e-06 2.48897e-08 -19.25 -19.2
-19.175 3.77775e-08 4.43933e-06 3.77775e-08 -19.2 -19.15
-19.125 5.48255e-08 4.53861e-06 5.48255e-08 -19.15 -19.1
-19.075 7.64412e-08 4.70182e-06 7.64412e-08 -19.1 -19.05
-19.025 1.02962e-07 4.87636e-06 1.02962e-07 -19.05 -19
-18.975 1.34802e-07 4.93607e-06 1.34802e-07 -19 -18.95
-18.925 1.7263e-07 5.04983e-06 1.7263e-07 -18.95 -18.9
-18.875 2.17531e-07 5.40797e-06 2.17531e-07 -18.9 -18.85
-18.825 2.71078e-07 5.553e-06 2.71078e-07 -18.85 -18.8
-18.775 3.35323e-07 5.94927e-06 3.35323e-07 -18.8 -18.75
-18.725 4.12715e-07 6.0291e-06 4.12715e-07 -18.75 -18.7
-18.675 5.05961e-07 6.42167e-06 5.05961e-07 -18.7 -18.65
-18.625 6.17835e-07 6.55431e-06 6.17835e-07 -18.65 -18.6
-18.575 7.5091e-07 6.64357e-06 7.5091e-07 -18.6 -18.55
-18.525 9.07207e-07 6.66551e-06 9.07207e-07 -18.55 -18.5
-18.475 1.08785e-06 6.69855e-06 1.08785e-06 -18.5 -18.45
-18.425 1.29282e-06 6.75033e-06 1.29282e-06 -18.45 -18.4
-18.375 1.52102e-06 7.0012e-06 1.52102e-06 -18.4 -18.35
-18.325 1.77068e-06 7.18433e-06 1.77068e-06 -18.35 -18.3
-18.275 2.04002e-06 7.40548e-06 2.04002e-06 -18.3 -18.25
-18.225 2.32801e-06 7.77864e-06 2.32801e-06 -18.25 -18.2
-18.175 2.63483e-06 7.9095e-06 2.63483e-06 -18.2 -18.15
-18.125 2.9619e-06 7.99611e-06 2.9619e-06 -18.15 -18.1
-18.075 3.31126e-06 8.0864e-06 3.31126e-06 -18.1 -18.05
-18.025 3.68473e-06 8.12207e-06 3.68473e-06 -18.05 -18
-17.975 4.08322e-06 8.20657e-06 4.08322e-06 -18 -17.95
-17.925 4.50668e-06 8.26326e-06 4.50668e-06 -17.95 -17.9
-17.875 4.95494e-06 8.13289e-06 4.95494e-06 -17.9 -17.85
-17.825 5.42913e-06 7.88122e-06 5.42913e-06 -17.85 -17.8
-17.775 5.93291e-06 7.68072e-06 5.93291e-06 -17.8 -17.75
-17.725 6.47284e-06 7.55446e-06 6.47283e-06 -17.75 -17.7
-17.675 7.05725e-06 7.3374e-06 7.05723e-06 -17.7 -17.65
-17.625 7.6938e-06 7.10131e-06 7.69375e-06 -17.65 -17.6
-17.575 8.38649e-06 7.41232e-06 8.38637e-06 -17.6 -17.55
-17.525 9.13308e-06 6.96613e-06 9.13279e-06 -17.55 -17.5
-17.475 9.92407e-06 6.28841e-06 9.92345e-06 -17.5 -17.45
-17.425 1.07437e-05 5.73903e-06 1.07424e-05 -17.45 -17.4
-17.375 1.15727e-05 5.21293e-06 1.15702e-05 -17.4 -17.35
-17.325 1.23923e-05 4.74127e-06 1.23875e-05 -17.35 -17.3
-17.275 1.31875e-05 4.59422e-06 1.31792e-05 -17.3 -17.25
-17.225 1.39502e-05 3.8489e-06 1.39364e-05 -17.25 -17.2
-17.175 1.46793e-05 3.5186e-06 1.46576e-05 -17.2 -17.15
-17.125 1.53797e-05 2.95148e-06 1.53473e-05 -17.15 -17.1
-17.075 1.60597e-05 2.78753e-06 1.60138e-05 -17.1 -17.05
-17.025 1.67286e-05 2.68631e-06 1.66674e-05 -17.05 -17
-16.975 1.73944e-05 2.37822e-06 1.73237e-05 -17 -16.95
-16.925 1.80633e-05 1.96115e-06 1.79739e-05 -16.95 -16.9
