#Observed UV luminosities (including dust) are M_1500 [AB].
#Note: Dust corrections are uncalibrated at z<4, so UV luminosities may be incorrect.
#Number densities are in comoving Mpc^-3 mag^-1.
#UV_Center Number_Density Err+ Err- UV_Min UV_Max
-23.975 2.46769e-12 1.82664e-09 2.3167e-12 -24 -23.95
-23.925 7.17676e-12 3.29097e-09 6.66753e-12 -23.95 -23.9
-23.875 1.96206e-11 5.573e-09 1.80062e-11 -23.9 -23.85
-23.825 5.04315e-11 8.87214e-09 4.56199e-11 -23.85 -23.8
-23.775 1.21894e-10 1.32827e-08 1.08411e-10 -23.8 -23.75
-23.725 2.77129e-10 1.89055e-08 2.41597e-10 -23.75 -23.7
-23.675 5.92893e-10 2.73283e-08 5.04807e-10 -23.7 -23.65
-23.625 1.19433e-09 3.36473e-08 9.8382e-10 -23.65 -23.6
-23.575 2.26726e-09 3.94138e-08 1.80539e-09 -23.6 -23.55
-23.525 4.06115e-09 4.75251e-08 3.10568e-09 -23.55 -23.5
-23.475 6.87625e-09 5.70658e-08 5.0098e-09 -23.5 -23.45
-23.425 1.1034e-08 6.74787e-08 7.58409e-09 -23.45 -23.4
-23.375 1.68413e-08 8.30077e-08 1.07902e-08 -23.4 -23.35
-23.325 2.45737e-08 1.0677e-07 1.44624e-08 -23.35 -23.3
-23.275 3.4509e-08 1.38107e-07 1.88284e-08 -23.3 -23.25
-23.225 4.70358e-08 1.78847e-07 2.24522e-08 -23.25 -23.2
-23.175 6.28381e-08 2.36222e-07 2.80819e-08 -23.2 -23.15
-23.125 8.31303e-08 3.0556e-07 3.39439e-08 -23.15 -23.1
-23.075 1.09905e-07 3.94621e-07 4.48795e-08 -23.1 -23.05
-23.025 1.46192e-07 5.22222e-07 5.58897e-08 -23.05 -23
-22.975 1.96381e-07 6.86519e-07 7.10638e-08 -23 -22.95
-22.925 2.66735e-07 8.98281e-07 9.06059e-08 -22.95 -22.9
-22.875 3.66211e-07 1.17063e-06 1.20203e-07 -22.9 -22.85
-22.825 5.07621e-07 1.51706e-06 1.59974e-07 -22.85 -22.8
-22.775 7.08976e-07 1.94791e-06 2.25659e-07 -22.8 -22.75
-22.725 9.94605e-07 2.46566e-06 3.19887e-07 -22.75 -22.7
-22.675 1.39549e-06 3.06037e-06 4.44049e-07 -22.7 -22.65
-22.625 1.94825e-06 3.63051e-06 6.47312e-07 -22.65 -22.6
-22.575 2.69245e-06 4.08882e-06 8.54038e-07 -22.6 -22.55
-22.525 3.66649e-06 4.69324e-06 1.09957e-06 -22.55 -22.5
-22.475 4.90284e-06 5.1572e-06 1.53576e-06 -22.5 -22.45
-22.425 6.42386e-06 5.55724e-06 1.96865e-06 -22.45 -22.4
-22.375 8.23955e-06 5.66973e-06 2.32818e-06 -22.4 -22.35
-22.325 1.0348e-05 5.72683e-06 2.74418e-06 -22.35 -22.3
-22.275 1.27389e-05 5.75235e-06 3.02003e-06 -22.3 -22.25
-22.225 1.53981e-05 5.59223e-06 3.21692e-06 -22.25 -22.2
-22.175 1.83137e-05 5.54492e-06 3.58255e-06 -22.2 -22.15
-22.125 2.148e-05 5.53687e-06 4.21523e-06 -22.15 -22.1
-22.075 2.48998e-05 5.47077e-06 4.67163e-06 -22.1 -22.05
-22.025 2.85846e-05 5.55644e-06 5.1239e-06 -22.05 -22
-21.975 3.25525e-05 5.96049e-06 5.78778e-06 -22 -21.95
-21.925 3.68255e-05 6.18945e-06 6.53489e-06 -21.95 -21.9
-21.875 4.14272e-05 6.303e-06 7.56754e-06 -21.9 -21.85
-21.825 4.63817e-05 6.43793e-06 8.77178e-06 -21.85 -21.8
-21.775 5.17144e-05 6.39166e-06 9.18288e-06 -21.8 -21.75
-21.725 5.74543e-05 6.43959e-06 1.02612e-05 -21.75 -21.7
-21.675 6.3636e-05 6.95409e-06 1.09879e-05 -21.7 -21.65
-21.625 7.02997e-05 7.3658e-06 1.16835e-05 -21.65 -21.6
-21.575 7.74894e-05 7.62303e-06 1.29622e-05 -21.6 -21.55
-21.525 8.52486e-05 8.47805e-06 1.46198e-05 -21.55 -21.5
-21.475 9.36159e-05 8.30377e-06 1.59925e-05 -21.5 -21.45
-21.425 0.000102622 8.4013e-06 1.72781e-05 -21.45 -21.4
-21.375 0.000112289 8.59674e-06 1.92343e-05 -21.4 -21.35
-21.325 0.000122631 8.97464e-06 2.04341e-05 -21.35 -21.3
-21.275 0.000133655 9.26948e-06 2.24226e-05 -21.3 -21.25
-21.225 0.000145358 9.53882e-06 2.34433e-05 -21.25 -21.2
-21.175 0.000157724 9.92266e-06 2.51342e-05 -21.2 -21.15
-21.125 0.000170725 1.05942e-05 2.67778e-05 -21.15 -21.1
-21.075 0.00018432 1.08375e-05 2.90341e-05 -21.1 -21.05
-21.025 0.000198471 1.1213e-05 3.13619e-05 -21.05 -21
-20.975 0.000213151 1.14064e-05 3.35874e-05 -21 -20.95
-20.925 0.000228362 1.17019e-05 3.50794e-05 -20.95 -20.9
-20.875 0.000244141 1.25189e-05 3.64315e-05 -20.9 -20.85
-20.825 0.000260553 1.24061e-05 3.84955e-05 -20.85 -20.8
-20.775 0.00027769 1.32625e-05 4.06869e-05 -20.8 -20.75
-20.725 0.000295647 1.38322e-05 4.29179e-05 -20.75 -20.7
-20.675 0.000314518 1.52624e-05 4.58055e-05 -20.7 -20.65
-20.625 0.00033438 1.66183e-05 4.91468e-05 -20.65 -20.6
-20.575 0.000355293 1.80093e-05 5.24111e-05 -20.6 -20.55
-20.525 0.000377301 1.96205e-05 5.5727e-05 -20.55 -20.5
-20.475 0.000400432 2.00561e-05 5.87284e-05 -20.5 -20.45
-20.425 0.000424705 2.28499e-05 6.22761e-05 -20.45 -20.4
-20.375 0.000450128 2.46567e-05 6.53656e-05 -20.4 -20.35
-20.325 0.000476708 2.61067e-05 6.87053e-05 -20.35 -20.3
-20.275 0.000504443 2.77487e-05 7.17754e-05 -20.3 -20.25
-20.225 0.000533325 2.74062e-05 7.52868e-05 -20.25 -20.2
-20.175 0.000563345 2.99724e-05 7.89171e-05 -20.2 -20.15
-20.125 0.000594494 3.27204e-05 8.19662e-05 -20.15 -20.1
-20.075 0.00062677 3.43914e-05 8.65628e-05 -20.1 -20.05
-20.025 0.000660183 3.72311e-05 9.20978e-05 -20.05 -20
-19.975 0.000694755 3.90166e-05 9.64001e-05 -20 -19.95
-19.925 0.000730513 4.21332e-05 0.000100988 -19.95 -19.9
-19.875 0.000767478 4.6155e-05 0.000106131 -19.9 -19.85
-19.825 0.000805672 5.1743e-05 0.000110531 -19.85 -19.8
-19.775 0.000845127 5.67163e-05 0.000116007 -19.8 -19.75
-19.725 0.000885916 6.10824e-05 0.000119543 -19.75 -19.7
-19.675 0.000928175 6.64891e-05 0.000122531 -19.7 -19.65
-19.625 0.000972128 7.13168e-05 0.000126492 -19.65 -19.6
-19.575 0.00101806 7.73121e-05 0.000131758 -19.6 -19.55
-19.525 0.00106628 8.39588e-05 0.000138225 -19.55 -19.5
-19.475 0.00111704 8.96668e-05 0.000146729 -19.5 -19.45
-19.425 0.00117049 9.38667e-05 0.000155798 -19.45 -19.4
-19.375 0.00122662 0.000103022 0.000163624 -19.4 -19.35
-19.325 0.00128533 0.000109589 0.000167841 -19.35 -19.3
-19.275 0.0013464 0.000109603 0.00017361 -19.3 -19.25
-19.225 0.00140964 0.000109324 0.000182661 -19.25 -19.2
-19.175 0.00147488 0.000118779 0.000191191 -19.2 -19.15
-19.125 0.00154209 0.00013347 0.000198344 -19.15 -19.1
-19.075 0.00161129 0.000148191 0.000209356 -19.1 -19.05
-19.025 0.00168259 0.000160123 0.000212388 -19.05 -19
-18.975 0.00175614 0.000175965 0.000221898 -19 -18.95
-18.925 0.00183206 0.000189338 0.000233797 -18.95 -18.9
-18.875 0.00191049 0.000202438 0.000245156 -18.9 -18.85
-18.825 0.00199152 0.000214112 0.000256833 -18.85 -18.8
-18.775 0.00207521 0.00022603 0.000268688 -18.8 -18.75
-18.725 0.00216155 0.000244313 0.000280909 -18.75 -18.7
-18.675 0.00225052 0.000256518 0.000293687 -18.7 -18.65
-18.625 0.00234204 0.000274926 0.00030167 -18.65 -18.6
-18.575 0.00243605 0.000297749 0.000305671 -18.6 -18.55
-18.525 0.00253254 0.000322058 0.000309166 -18.55 -18.5
-18.475 0.00263159 0.000344186 0.000322584 -18.5 -18.45
-18.425 0.00273345 0.000367493 0.00033785 -18.45 -18.4
-18.375 0.00283851 0.00038988 0.000347061 -18.4 -18.35
-18.325 0.00294727 0.000414009 0.000357394 -18.35 -18.3
-18.275 0.0030603 0.000439717 0.000368442 -18.3 -18.25
-18.225 0.00317812 0.000466809 0.000381408 -18.25 -18.2
-18.175 0.00330113 0.00049511 0.000397421 -18.2 -18.15
-18.125 0.0034296 0.000524533 0.000413505 -18.15 -18.1
-18.075 0.00356366 0.000551589 0.000430381 -18.1 -18.05
-18.025 0.00370331 0.000586893 0.000448559 -18.05 -18
-17.975 0.00384853 0.00061879 0.000472669 -18 -17.95
-17.925 0.00399927 0.000653183 0.000491075 -17.95 -17.9
-17.875 0.00415554 0.000691261 0.000509501 -17.9 -17.85
-17.825 0.00431742 0.000730337 0.000528045 -17.85 -17.8
-17.775 0.00448505 0.000771001 0.000546868 -17.8 -17.75
-17.725 0.00465858 0.000813895 0.000566121 -17.75 -17.7
-17.675 0.00483818 0.000859969 0.000587 -17.7 -17.65
-17.625 0.005024 0.00090595 0.000610214 -17.65 -17.6
-17.575 0.00521619 0.000955727 0.000633936 -17.6 -17.55
-17.525 0.00541495 0.00100808 0.00066271 -17.55 -17.5
-17.475 0.00562052 0.00106033 0.00069392 -17.5 -17.45
-17.425 0.00583325 0.00111517 0.000716376 -17.45 -17.4
-17.375 0.00605354 0.00117272 0.000739727 -17.4 -17.35
-17.325 0.00628175 0.00123354 0.000764111 -17.35 -17.3
-17.275 0.0065182 0.00129816 0.000790886 -17.3 -17.25
-17.225 0.00676308 0.0013662 0.000824599 -17.25 -17.2
-17.175 0.00701656 0.00143842 0.000865636 -17.2 -17.15
-17.125 0.00727885 0.00151572 0.000894539 -17.15 -17.1
-17.075 0.00755039 0.00159894 0.000917763 -17.1 -17.05
-17.025 0.00783192 0.00168848 0.000957012 -17.05 -17
-16.975 0.00812445 0.00178415 0.00100112 -17 -16.95
-16.925 0.00842919 0.00188514 0.00104873 -16.95 -16.9
